Game Nr	Game Score
1	738
2	599
3	136
4	187
5	28
6	207
7	435
8	105
9	161
10	368
11	1906
12	226
13	1453
14	2718
15	253
16	480
17	275
18	770
19	88
20	12
21	12
22	671
23	110
24	18
25	1079
26	582
27	131
28	379
29	160
30	784
31	138
32	1132
33	536
34	174
35	64
36	532
37	83
38	1839
39	60
40	125
41	1524
42	540
43	411
44	1981
45	652
46	278
47	296
48	1052
49	525
50	746
51	40
52	480
53	282
54	33
55	54
56	232
57	17
58	419
59	479
60	484
61	211
62	280
63	109
64	168
65	1137
66	1375
67	199
68	750
69	832
70	269
71	381
72	540
73	1013
74	88
75	415
76	698
77	26
78	243
79	304
80	1198
81	299
82	104
83	142
84	698
85	162
86	187
87	361
88	526
89	811
90	109
91	1251
92	55
93	39
94	396
95	609
96	170
97	127
98	1063
99	111
100	2053
101	1049
102	89
103	625
104	1830
105	27
106	308
107	206
108	271
109	179
110	616
111	94
112	327
113	1383
114	413
115	146
116	380
117	122
118	1095
119	8
120	1196
121	334
122	165
123	316
124	27
125	374
126	544
127	185
128	19
129	224
130	1106
131	246
132	91
133	188
134	367
135	54
136	3336
137	583
138	245
139	460
140	878
141	516
142	69
143	482
144	171
145	301
146	466
147	139
148	737
149	207
150	14
151	384
152	79
153	1287
154	1038
155	872
156	341
157	593
158	443
159	130
160	15
161	78
162	79
163	226
164	382
165	8
166	319
167	457
168	918
169	12
170	766
171	19
172	176
173	415
174	88
175	1065
176	130
177	695
178	42
179	41
180	1329
181	631
182	487
183	134
184	677
185	527
186	225
187	264
188	99
189	1241
190	1019
191	37
192	666
193	256
194	5
195	257
196	208
197	401
198	474
199	320
200	203
201	392
202	776
203	805
204	548
205	11
206	716
207	499
208	195
209	150
210	84
211	205
212	9
213	118
214	730
215	459
216	509
217	135
218	508
219	762
220	809
221	304
222	1208
223	1129
224	398
225	173
226	347
227	138
228	593
229	1355
230	299
231	465
232	813
233	513
234	493
235	746
236	112
237	708
238	123
239	898
240	235
241	329
242	2481
243	278
244	242
245	273
246	453
247	602
248	548
249	72
250	87
251	660
252	719
253	459
254	907
255	212
256	318
257	69
258	277
259	1410
260	1701
261	549
262	227
263	661
264	569
265	518
266	126
267	312
268	1000
269	395
270	2050
271	105
272	18
273	281
274	266
275	218
276	354
277	700
278	558
279	769
280	134
281	47
282	188
283	479
284	289
285	389
286	351
287	131
288	322
289	401
290	9
291	103
292	350
293	428
294	588
295	343
296	359
297	135
298	86
299	505
300	58
301	426
302	1486
303	1733
304	256
305	284
306	183
307	621
308	11
309	1356
310	106
311	892
312	652
313	221
314	127
315	1474
316	273
317	481
318	1665
319	524
320	390
321	631
322	674
323	47
324	2817
325	148
326	667
327	436
328	369
329	7
330	197
331	1
332	115
333	385
334	49
335	607
336	766
337	90
338	426
339	926
340	205
341	195
342	1405
343	447
344	171
345	1141
346	5
347	110
348	134
349	401
350	709
351	113
352	55
353	202
354	1397
355	481
356	168
357	589
358	946
359	298
360	245
361	886
362	63
363	228
364	459
365	151
366	2517
367	240
368	977
369	594
370	211
371	62
372	76
373	589
374	6
375	172
376	441
377	1797
378	91
379	1375
380	134
381	323
382	404
383	825
384	62
385	932
386	52
387	487
388	148
389	1876
390	620
391	1706
392	111
393	681
394	996
395	605
396	402
397	409
398	203
399	742
400	496
401	320
402	53
403	1775
404	222
405	115
406	71
407	475
408	680
409	1244
410	81
411	724
412	1987
413	1614
414	619
415	605
416	92
417	356
418	121
419	123
420	446
421	740
422	900
423	55
424	607
425	171
426	771
427	269
428	808
429	277
430	209
431	1189
432	7
433	526
434	437
435	701
436	526
437	1650
438	1326
439	850
440	192
441	181
442	319
443	53
444	642
445	182
446	696
447	1104
448	700
449	902
450	445
451	1428
452	2424
453	116
454	169
455	165
456	103
457	325
458	88
459	301
460	910
461	171
462	2716
463	385
464	1227
465	87
466	30
467	105
468	79
469	770
470	679
471	107
472	60
473	58
474	61
475	481
476	1863
477	719
478	200
479	423
480	92
481	604
482	680
483	225
484	146
485	874
486	53
487	864
488	244
489	103
490	569
491	221
492	75
493	608
494	418
495	66
496	157
497	516
498	52
499	2740
500	108
501	37
502	144
503	1455
504	327
505	201
506	1167
507	903
508	299
509	739
510	512
511	275
512	512
513	549
514	30
515	406
516	164
517	125
518	370
519	446
520	81
521	246
522	80
523	138
524	232
525	140
526	17
527	600
528	499
529	6
530	16
531	163
532	476
533	649
534	178
535	305
536	99
537	118
538	305
539	702
540	90
541	76
542	480
543	173
544	119
545	1150
546	191
547	313
548	567
549	654
550	247
551	1881
552	837
553	215
554	415
555	67
556	690
557	248
558	101
559	19
560	1487
561	116
562	397
563	105
564	124
565	167
566	418
567	132
568	86
569	167
570	461
571	185
572	1108
573	243
574	1313
575	260
576	183
577	1522
578	1101
579	244
580	724
581	284
582	288
583	1255
584	426
585	564
586	790
587	465
588	126
589	465
590	473
591	371
592	399
593	215
594	1106
595	128
596	405
597	34
598	663
599	65
600	293
601	626
602	440
603	86
604	1027
605	281
606	1611
607	769
608	106
609	242
610	808
611	18
612	869
613	406
614	431
615	1115
616	52
617	98
618	586
619	171
620	8
621	202
622	705
623	161
624	243
625	806
626	174
627	102
628	151
629	266
630	297
631	140
632	569
633	148
634	1235
635	268
636	820
637	125
638	45
639	787
640	63
641	56
642	489
643	381
644	89
645	219
646	180
647	1137
648	1022
649	562
650	359
651	196
652	256
653	65
654	32
655	85
656	469
657	44
658	328
659	779
660	61
661	197
662	75
663	387
664	430
665	216
666	96
667	349
668	118
669	1021
670	569
671	478
672	45
673	935
674	48
675	61
676	131
677	1020
678	270
679	712
680	984
681	172
682	29
683	155
684	1120
685	35
686	228
687	18
688	301
689	636
690	144
691	658
692	358
693	1259
694	123
695	63
696	4
697	98
698	1203
699	121
700	192
701	394
702	51
703	2047
704	785
705	836
706	143
707	234
708	42
709	927
710	235
711	1275
712	282
713	184
714	732
715	945
716	144
717	442
718	99
719	1
720	188
721	120
722	739
723	97
724	375
725	193
726	406
727	730
728	863
729	79
730	218
731	384
732	151
733	323
734	115
735	64
736	80
737	52
738	481
739	286
740	57
741	92
742	197
743	232
744	316
745	529
746	370
747	336
748	125
749	177
750	2144
751	472
752	172
753	323
754	632
755	1249
756	85
757	509
758	189
759	186
760	493
761	931
762	204
763	523
764	67
765	708
766	154
767	7
768	181
769	693
770	684
771	290
772	35
773	161
774	575
775	69
776	624
777	66
778	437
779	671
780	693
781	265
782	199
783	1902
784	520
785	281
786	579
787	167
788	455
789	209
790	668
791	590
792	164
793	267
794	1255
795	195
796	376
797	337
798	69
799	810
800	151
801	324
802	820
803	1223
804	210
805	383
806	299
807	199
808	62
809	40
810	1242
811	1087
812	604
813	1909
814	45
815	312
816	2317
817	42
818	467
819	313
820	25
821	707
822	244
823	25
824	773
825	731
826	272
827	272
828	205
829	215
830	627
831	131
832	770
833	121
834	37
835	645
836	47
837	563
838	45
839	442
840	473
841	178
842	605
843	228
844	481
845	669
846	1000
847	1192
848	221
849	121
850	295
851	876
852	380
853	58
854	841
855	728
856	640
857	354
858	228
859	416
860	9
861	850
862	503
863	449
864	34
865	1436
866	417
867	52
868	138
869	606
870	294
871	294
872	661
873	841
874	218
875	590
876	111
877	405
878	68
879	23
880	912
881	1417
882	827
883	1242
884	333
885	71
886	295
887	242
888	211
889	544
890	421
891	117
892	721
893	170
894	423
895	85
896	116
897	998
898	808
899	1648
900	700
901	218
902	68
903	111
904	157
905	598
906	26
907	56
908	44
909	253
910	149
911	747
912	301
913	2431
914	1044
915	162
916	23
917	105
918	537
919	362
920	458
921	343
922	78
923	1701
924	13
925	113
926	863
927	130
928	978
929	158
930	1250
931	356
932	192
933	873
934	1491
935	133
936	253
937	159
938	1545
939	958
940	123
941	270
942	1027
943	730
944	217
945	155
946	1474
947	220
948	145
949	200
950	118
951	926
952	21
953	492
954	265
955	321
956	656
957	210
958	39
959	412
960	2004
961	743
962	40
963	234
964	132
965	80
966	396
967	451
968	339
969	215
970	75
971	71
972	609
973	46
974	380
975	314
976	536
977	85
978	29
979	207
980	54
981	279
982	31
983	129
984	319
985	1442
986	1056
987	484
988	1333
989	379
990	1367
991	795
992	375
993	2189
994	68
995	749
996	1042
997	242
998	469
999	344
1000	112
1001	328
1002	371
1003	777
1004	829
1005	1640
1006	35
1007	420
1008	215
1009	555
1010	67
1011	147
1012	288
1013	399
1014	587
1015	233
1016	569
1017	230
1018	720
1019	458
1020	330
1021	964
1022	154
1023	128
1024	827
1025	708
1026	127
1027	1582
1028	25
1029	808
1030	256
1031	49
1032	45
1033	58
1034	77
1035	525
1036	354
1037	22
1038	411
1039	399
1040	883
1041	210
1042	659
1043	75
1044	942
1045	163
1046	536
1047	416
1048	141
1049	765
1050	296
1051	770
1052	267
1053	139
1054	774
1055	134
1056	992
1057	84
1058	1641
1059	234
1060	98
1061	329
1062	471
1063	46
1064	687
1065	414
1066	151
1067	199
1068	718
1069	1603
1070	243
1071	233
1072	175
1073	286
1074	405
1075	688
1076	536
1077	2
1078	963
1079	704
1080	435
1081	726
1082	1536
1083	219
1084	139
1085	93
1086	442
1087	352
1088	239
1089	225
1090	289
1091	780
1092	574
1093	264
1094	192
1095	63
1096	52
1097	511
1098	526
1099	440
1100	69
1101	988
1102	629
1103	84
1104	802
1105	97
1106	26
1107	1234
1108	534
1109	387
1110	105
1111	938
1112	497
1113	150
1114	125
1115	442
1116	46
1117	1485
1118	1004
1119	737
1120	168
1121	785
1122	142
1123	93
1124	783
1125	87
1126	1301
1127	29
1128	14
1129	164
1130	24
1131	99
1132	150
1133	169
1134	809
1135	400
1136	413
1137	111
1138	98
1139	1108
1140	484
1141	463
1142	79
1143	1573
1144	2581
1145	129
1146	191
1147	390
1148	1633
1149	73
1150	325
1151	249
1152	36
1153	138
1154	30
1155	207
1156	118
1157	206
1158	633
1159	1048
1160	603
1161	603
1162	962
1163	90
1164	235
1165	99
1166	62
1167	434
1168	113
1169	262
1170	624
1171	203
1172	612
1173	738
1174	506
1175	90
1176	289
1177	317
1178	93
1179	1532
1180	246
1181	1268
1182	411
1183	781
1184	49
1185	14
1186	825
1187	310
1188	5
1189	11
1190	1607
1191	165
1192	700
1193	135
1194	2892
1195	514
1196	376
1197	2022
1198	596
1199	343
1200	177
1201	1091
1202	272
1203	197
1204	312
1205	794
1206	686
1207	617
1208	721
1209	114
1210	499
1211	753
1212	755
1213	316
1214	48
1215	72
1216	44
1217	485
1218	551
1219	266
1220	112
1221	309
1222	271
1223	99
1224	313
1225	71
1226	159
1227	813
1228	231
1229	226
1230	215
1231	216
1232	282
1233	552
1234	4
1235	333
1236	638
1237	320
1238	93
1239	190
1240	485
1241	1121
1242	82
1243	714
1244	28
1245	399
1246	196
1247	153
1248	410
1249	1044
1250	304
1251	437
1252	799
1253	4
1254	447
1255	78
1256	341
1257	1188
1258	889
1259	742
1260	494
1261	236
1262	929
1263	736
1264	417
1265	459
1266	200
1267	632
1268	413
1269	94
1270	569
1271	154
1272	150
1273	817
1274	1012
1275	247
1276	774
1277	124
1278	104
1279	57
1280	194
1281	833
1282	164
1283	63
1284	2074
1285	118
1286	1114
1287	271
1288	2125
1289	723
1290	312
1291	1206
1292	179
1293	188
1294	598
1295	28
1296	583
1297	6
1298	391
1299	684
1300	37
1301	228
1302	253
1303	105
1304	243
1305	198
1306	361
1307	541
1308	2340
1309	7
1310	82
1311	31
1312	92
1313	616
1314	1369
1315	21
1316	80
1317	488
1318	905
1319	542
1320	362
1321	632
1322	537
1323	257
1324	1
1325	258
1326	582
1327	471
1328	2155
1329	462
1330	378
1331	160
1332	294
1333	862
1334	337
1335	315
1336	477
1337	222
1338	254
1339	3204
1340	101
1341	60
1342	1524
1343	146
1344	59
1345	1179
1346	23
1347	401
1348	25
1349	56
1350	762
1351	1694
1352	1779
1353	199
1354	390
1355	298
1356	559
1357	360
1358	292
1359	319
1360	170
1361	863
1362	434
1363	478
1364	862
1365	1046
1366	144
1367	1122
1368	406
1369	198
1370	191
1371	671
1372	898
1373	3
1374	374
1375	1274
1376	592
1377	551
1378	581
1379	111
1380	660
1381	573
1382	505
1383	270
1384	121
1385	715
1386	736
1387	192
1388	133
1389	228
1390	24
1391	430
1392	399
1393	892
1394	770
1395	762
1396	187
1397	1393
1398	307
1399	165
1400	157
1401	220
1402	915
1403	410
1404	187
1405	25
1406	1690
1407	444
1408	596
1409	1253
1410	919
1411	196
1412	79
1413	322
1414	580
1415	346
1416	747
1417	24
1418	562
1419	620
1420	736
1421	236
1422	366
1423	170
1424	26
1425	197
1426	497
1427	546
1428	978
1429	170
1430	288
1431	960
1432	800
1433	22
1434	327
1435	100
1436	577
1437	84
1438	57
1439	482
1440	490
1441	133
1442	371
1443	290
1444	932
1445	365
1446	34
1447	634
1448	608
1449	514
1450	483
1451	188
1452	1395
1453	84
1454	468
1455	90
1456	1206
1457	150
1458	328
1459	330
1460	286
1461	1182
1462	249
1463	736
1464	457
1465	429
1466	1010
1467	187
1468	142
1469	194
1470	193
1471	173
1472	1447
1473	214
1474	353
1475	826
1476	271
1477	738
1478	116
1479	1152
1480	1101
1481	798
1482	188
1483	738
1484	138
1485	66
1486	99
1487	164
1488	293
1489	0
1490	333
1491	38
1492	877
1493	3353
1494	422
1495	615
1496	256
1497	261
1498	110
1499	104
1500	91
1501	1523
1502	147
1503	217
1504	665
1505	82
1506	494
1507	180
1508	18
1509	199
1510	1124
1511	723
1512	407
1513	625
1514	11
1515	820
1516	858
1517	400
1518	121
1519	264
1520	361
1521	528
1522	106
1523	255
1524	31
1525	307
1526	489
1527	684
1528	330
1529	415
1530	898
1531	93
1532	582
1533	158
1534	25
1535	11
1536	228
1537	187
1538	110
1539	241
1540	233
1541	151
1542	651
1543	996
1544	922
1545	37
1546	1820
1547	704
1548	463
1549	654
1550	279
1551	476
1552	584
1553	64
1554	553
1555	257
1556	204
1557	129
1558	138
1559	305
1560	92
1561	110
1562	399
1563	142
1564	823
1565	302
1566	207
1567	306
1568	63
1569	136
1570	559
1571	103
1572	96
1573	820
1574	73
1575	321
1576	525
1577	58
1578	588
1579	159
1580	133
1581	46
1582	2705
1583	557
1584	593
1585	1041
1586	420
1587	690
1588	190
1589	82
1590	126
1591	599
1592	479
1593	1807
1594	137
1595	2129
1596	977
1597	193
1598	53
1599	573
1600	235
1601	588
1602	567
1603	588
1604	221
1605	321
1606	50
1607	1054
1608	678
1609	258
1610	502
1611	46
1612	134
1613	414
1614	243
1615	748
1616	311
1617	746
1618	155
1619	524
1620	219
1621	22
1622	1881
1623	112
1624	100
1625	159
1626	325
1627	108
1628	856
1629	408
1630	312
1631	10
1632	80
1633	445
1634	287
1635	12
1636	553
1637	407
1638	457
1639	392
1640	22
1641	604
1642	507
1643	465
1644	163
1645	225
1646	295
1647	9
1648	78
1649	167
1650	1647
1651	251
1652	153
1653	481
1654	223
1655	703
1656	402
1657	1234
1658	277
1659	535
1660	244
1661	416
1662	233
1663	513
1664	124
1665	155
1666	353
1667	28
1668	930
1669	457
1670	187
1671	118
1672	70
1673	200
1674	266
1675	692
1676	56
1677	116
1678	388
1679	293
1680	1873
1681	82
1682	20
1683	161
1684	1825
1685	1030
1686	124
1687	417
1688	78
1689	140
1690	130
1691	226
1692	524
1693	313
1694	501
1695	116
1696	61
1697	168
1698	129
1699	156
1700	807
1701	328
1702	111
1703	552
1704	651
1705	1001
1706	63
1707	75
1708	138
1709	1181
1710	249
1711	503
1712	415
1713	1048
1714	927
1715	15
1716	438
1717	266
1718	29
1719	178
1720	398
1721	1815
1722	102
1723	968
1724	1233
1725	467
1726	789
1727	208
1728	356
1729	523
1730	110
1731	199
1732	425
1733	24
1734	83
1735	286
1736	694
1737	1292
1738	62
1739	1732
1740	805
1741	206
1742	169
1743	266
1744	942
1745	515
1746	809
1747	117
1748	543
1749	212
1750	53
1751	120
1752	402
1753	224
1754	156
1755	325
1756	2264
1757	785
1758	1076
1759	1305
1760	455
1761	1098
1762	1238
1763	166
1764	228
1765	38
1766	27
1767	981
1768	102
1769	334
1770	308
1771	391
1772	307
1773	61
1774	76
1775	589
1776	537
1777	131
1778	177
1779	1656
1780	91
1781	369
1782	211
1783	833
1784	3212
1785	164
1786	431
1787	35
1788	688
1789	695
1790	1314
1791	767
1792	476
1793	1252
1794	235
1795	169
1796	149
1797	138
1798	24
1799	705
1800	342
1801	48
1802	90
1803	244
1804	902
1805	155
1806	916
1807	1877
1808	249
1809	3
1810	836
1811	1364
1812	612
1813	555
1814	761
1815	1026
1816	275
1817	228
1818	211
1819	366
1820	1792
1821	708
1822	151
1823	170
1824	176
1825	709
1826	339
1827	100
1828	91
1829	374
1830	505
1831	63
1832	370
1833	827
1834	406
1835	473
1836	516
1837	1441
1838	209
1839	1195
1840	52
1841	1409
1842	37
1843	683
1844	398
1845	491
1846	450
1847	439
1848	521
1849	903
1850	1100
1851	410
1852	82
1853	134
1854	1595
1855	237
1856	142
1857	344
1858	135
1859	243
1860	86
1861	303
1862	980
1863	385
1864	600
1865	416
1866	1487
1867	56
1868	684
1869	680
1870	273
1871	604
1872	777
1873	217
1874	362
1875	27
1876	388
1877	20
1878	79
1879	423
1880	102
1881	682
1882	161
1883	1024
1884	427
1885	696
1886	1016
1887	670
1888	208
1889	198
1890	91
1891	302
1892	191
1893	778
1894	23
1895	619
1896	376
1897	130
1898	481
1899	153
1900	151
1901	1181
1902	409
1903	1005
1904	62
1905	447
1906	22
1907	173
1908	362
1909	482
1910	484
1911	531
1912	325
1913	652
1914	535
1915	56
1916	249
1917	829
1918	521
1919	1290
1920	385
1921	746
1922	197
1923	540
1924	53
1925	2971
1926	311
1927	84
1928	695
1929	388
1930	188
1931	41
1932	110
1933	352
1934	689
1935	288
1936	5
1937	1490
1938	173
1939	670
1940	159
1941	1559
1942	95
1943	457
1944	143
1945	498
1946	405
1947	494
1948	687
1949	297
1950	3067
1951	935
1952	42
1953	107
1954	127
1955	415
1956	187
1957	233
1958	697
1959	420
1960	232
1961	1691
1962	940
1963	59
1964	568
1965	301
1966	121
1967	327
1968	773
1969	138
1970	219
1971	258
1972	853
1973	279
1974	268
1975	366
1976	471
1977	2366
1978	399
1979	15
1980	1916
1981	82
1982	205
1983	32
1984	332
1985	251
1986	115
1987	487
1988	884
1989	32
1990	111
1991	46
1992	372
1993	282
1994	10
1995	372
1996	356
1997	65
1998	299
1999	114
2000	1144
2001	557
2002	453
2003	9
2004	1008
2005	2342
2006	978
2007	421
2008	663
2009	555
2010	132
2011	259
2012	279
2013	589
2014	742
2015	974
2016	319
2017	87
2018	246
2019	448
2020	166
2021	1037
2022	674
2023	242
2024	611
2025	308
2026	839
2027	90
2028	1142
2029	452
2030	614
2031	172
2032	209
2033	182
2034	425
2035	305
2036	838
2037	1135
2038	631
2039	39
2040	1418
2041	1030
2042	326
2043	661
2044	755
2045	511
2046	789
2047	16
2048	744
2049	600
2050	926
2051	1449
2052	163
2053	524
2054	951
2055	464
2056	65
2057	201
2058	111
2059	324
2060	369
2061	140
2062	449
2063	55
2064	350
2065	562
2066	214
2067	90
2068	474
2069	133
2070	505
2071	1101
2072	658
2073	182
2074	884
2075	99
2076	673
2077	133
2078	457
2079	1263
2080	127
2081	755
2082	344
2083	852
2084	2587
2085	93
2086	1210
2087	105
2088	65
2089	503
2090	176
2091	749
2092	253
2093	218
2094	728
2095	185
2096	344
2097	147
2098	392
2099	1377
2100	616
2101	626
2102	64
2103	227
2104	608
2105	42
2106	1061
2107	938
2108	267
2109	82
2110	8
2111	293
2112	45
2113	63
2114	49
2115	85
2116	1516
2117	1444
2118	72
2119	181
2120	109
2121	1001
2122	1134
2123	703
2124	185
2125	2224
2126	246
2127	44
2128	1058
2129	409
2130	441
2131	249
2132	164
2133	335
2134	54
2135	437
2136	353
2137	796
2138	1667
2139	166
2140	523
2141	1042
2142	884
2143	75
2144	38
2145	286
2146	137
2147	658
2148	88
2149	1846
2150	94
2151	164
2152	89
2153	255
2154	797
2155	108
2156	34
2157	1462
2158	71
2159	292
2160	400
2161	771
2162	261
2163	217
2164	131
2165	149
2166	69
2167	46
2168	97
2169	113
2170	19
2171	156
2172	155
2173	274
2174	545
2175	1085
2176	245
2177	899
2178	75
2179	82
2180	399
2181	57
2182	311
2183	808
2184	322
2185	815
2186	49
2187	111
2188	462
2189	72
2190	125
2191	1355
2192	275
2193	254
2194	535
2195	687
2196	227
2197	174
2198	300
2199	28
2200	2687
2201	505
2202	435
2203	1540
2204	1091
2205	657
2206	724
2207	149
2208	379
2209	44
2210	285
2211	410
2212	20
2213	373
2214	105
2215	192
2216	408
2217	430
2218	618
2219	489
2220	6
2221	355
2222	617
2223	191
2224	1498
2225	355
2226	324
2227	775
2228	194
2229	1097
2230	296
2231	314
2232	578
2233	249
2234	887
2235	40
2236	1054
2237	761
2238	812
2239	368
2240	687
2241	407
2242	41
2243	581
2244	43
2245	1077
2246	887
2247	493
2248	409
2249	217
2250	1117
2251	789
2252	794
2253	522
2254	345
2255	837
2256	684
2257	670
2258	112
2259	473
2260	498
2261	451
2262	199
2263	825
2264	55
2265	183
2266	106
2267	102
2268	212
2269	449
2270	420
2271	682
2272	278
2273	244
2274	218
2275	670
2276	208
2277	1460
2278	389
2279	758
2280	460
2281	69
2282	517
2283	401
2284	630
2285	525
2286	377
2287	17
2288	53
2289	280
2290	135
2291	321
2292	482
2293	1
2294	1417
2295	1599
2296	513
2297	328
2298	705
2299	1208
2300	1569
2301	67
2302	170
2303	473
2304	59
2305	826
2306	330
2307	128
2308	436
2309	945
2310	358
2311	531
2312	268
2313	137
2314	25
2315	756
2316	125
2317	575
2318	92
2319	563
2320	190
2321	908
2322	811
2323	599
2324	34
2325	411
2326	362
2327	306
2328	295
2329	93
2330	393
2331	471
2332	8
2333	111
2334	1055
2335	43
2336	134
2337	251
2338	215
2339	1384
2340	321
2341	24
2342	792
2343	156
2344	1028
2345	449
2346	737
2347	546
2348	286
2349	695
2350	114
2351	1088
2352	639
2353	1313
2354	80
2355	762
2356	419
2357	330
2358	295
2359	870
2360	298
2361	741
2362	187
2363	193
2364	17
2365	849
2366	48
2367	468
2368	644
2369	142
2370	116
2371	221
2372	676
2373	338
2374	186
2375	296
2376	300
2377	63
2378	142
2379	262
2380	160
2381	313
2382	796
2383	349
2384	762
2385	559
2386	552
2387	243
2388	200
2389	613
2390	846
2391	71
2392	101
2393	181
2394	1475
2395	57
2396	152
2397	35
2398	1044
2399	952
2400	2407
2401	264
2402	367
2403	183
2404	93
2405	4189
2406	180
2407	676
2408	411
2409	45
2410	417
2411	169
2412	235
2413	181
2414	693
2415	886
2416	841
2417	258
2418	462
2419	810
2420	493
2421	331
2422	9
2423	260
2424	649
2425	542
2426	306
2427	448
2428	107
2429	614
2430	560
2431	125
2432	761
2433	87
2434	1046
2435	181
2436	87
2437	1376
2438	258
2439	181
2440	124
2441	223
2442	73
2443	258
2444	81
2445	1166
2446	599
2447	233
2448	1158
2449	701
2450	341
2451	582
2452	201
2453	288
2454	301
2455	448
2456	100
2457	181
2458	413
2459	1070
2460	544
2461	346
2462	583
2463	167
2464	1961
2465	101
2466	46
2467	263
2468	520
2469	251
2470	116
2471	46
2472	708
2473	208
2474	53
2475	466
2476	668
2477	263
2478	16
2479	1733
2480	390
2481	1036
2482	542
2483	127
2484	53
2485	778
2486	239
2487	1344
2488	153
2489	2921
2490	119
2491	1745
2492	981
2493	40
2494	769
2495	420
2496	211
2497	1358
2498	416
2499	136
2500	597
2501	203
2502	14
2503	208
2504	659
2505	889
2506	371
2507	286
2508	264
2509	101
2510	458
2511	670
2512	322
2513	252
2514	542
2515	1160
2516	107
2517	237
2518	406
2519	42
2520	629
2521	1626
2522	312
2523	714
2524	170
2525	2561
2526	74
2527	593
2528	649
2529	487
2530	508
2531	304
2532	404
2533	322
2534	1074
2535	20
2536	607
2537	706
2538	728
2539	3136
2540	13
2541	91
2542	323
2543	959
2544	583
2545	1562
2546	489
2547	652
2548	13
2549	1435
2550	1621
2551	145
2552	79
2553	272
2554	806
2555	46
2556	98
2557	90
2558	1862
2559	292
2560	947
2561	66
2562	1100
2563	361
2564	1225
2565	426
2566	730
2567	930
2568	482
2569	748
2570	2207
2571	706
2572	289
2573	382
2574	16
2575	820
2576	818
2577	408
2578	393
2579	461
2580	150
2581	174
2582	112
2583	164
2584	83
2585	737
2586	111
2587	21
2588	368
2589	233
2590	580
2591	524
2592	163
2593	57
2594	33
2595	596
2596	88
2597	953
2598	289
2599	164
2600	342
2601	825
2602	188
2603	132
2604	413
2605	114
2606	159
2607	2051
2608	407
2609	545
2610	22
2611	536
2612	901
2613	600
2614	1244
2615	419
2616	210
2617	571
2618	215
2619	568
2620	252
2621	110
2622	145
2623	1441
2624	308
2625	111
2626	246
2627	277
2628	1114
2629	1073
2630	42
2631	219
2632	712
2633	617
2634	186
2635	213
2636	639
2637	1088
2638	394
2639	147
2640	422
2641	310
2642	71
2643	261
2644	19
2645	751
2646	378
2647	130
2648	322
2649	90
2650	1658
2651	331
2652	248
2653	79
2654	1192
2655	564
2656	43
2657	307
2658	518
2659	70
2660	383
2661	86
2662	1057
2663	134
2664	291
2665	3
2666	806
2667	71
2668	65
2669	572
2670	431
2671	16
2672	578
2673	309
2674	1836
2675	503
2676	140
2677	155
2678	452
2679	556
2680	908
2681	778
2682	236
2683	984
2684	154
2685	264
2686	714
2687	1018
2688	436
2689	462
2690	137
2691	240
2692	73
2693	983
2694	141
2695	1675
2696	97
2697	393
2698	7
2699	795
2700	121
2701	159
2702	419
2703	60
2704	108
2705	7
2706	539
2707	1403
2708	96
2709	65
2710	158
2711	357
2712	22
2713	377
2714	238
2715	2092
2716	392
2717	649
2718	477
2719	189
2720	1751
2721	797
2722	252
2723	22
2724	157
2725	23
2726	1085
2727	62
2728	555
2729	528
2730	625
2731	403
2732	1114
2733	1962
2734	220
2735	123
2736	305
2737	198
2738	954
2739	273
2740	604
2741	52
2742	240
2743	217
2744	39
2745	1102
2746	217
2747	53
2748	27
2749	1233
2750	493
2751	93
2752	707
2753	846
2754	57
2755	1049
2756	430
2757	72
2758	385
2759	35
2760	333
2761	625
2762	33
2763	208
2764	832
2765	612
2766	9
2767	286
2768	56
2769	20
2770	14
2771	558
2772	323
2773	134
2774	2
2775	383
2776	230
2777	100
2778	996
2779	31
2780	1271
2781	466
2782	209
2783	118
2784	677
2785	1437
2786	97
2787	1362
2788	872
2789	484
2790	221
2791	630
2792	469
2793	1289
2794	180
2795	460
2796	488
2797	217
2798	153
2799	185
2800	151
2801	2511
2802	56
2803	22
2804	937
2805	316
2806	444
2807	56
2808	128
2809	2
2810	43
2811	389
2812	612
2813	49
2814	205
2815	7
2816	203
2817	1900
2818	313
2819	345
2820	717
2821	180
2822	614
2823	641
2824	6
2825	122
2826	57
2827	962
2828	939
2829	188
2830	97
2831	1243
2832	178
2833	434
2834	176
2835	353
2836	395
2837	39
2838	271
2839	602
2840	789
2841	161
2842	5
2843	1249
2844	246
2845	245
2846	275
2847	288
2848	53
2849	534
2850	125
2851	510
2852	228
2853	861
2854	58
2855	1254
2856	301
2857	1089
2858	558
2859	660
2860	1275
2861	189
2862	613
2863	1434
2864	76
2865	146
2866	566
2867	251
2868	264
2869	227
2870	895
2871	68
2872	54
2873	251
2874	234
2875	304
2876	1073
2877	247
2878	493
2879	21
2880	136
2881	451
2882	245
2883	242
2884	61
2885	703
2886	677
2887	566
2888	1249
2889	385
2890	131
2891	579
2892	320
2893	330
2894	1408
2895	121
2896	234
2897	258
2898	326
2899	69
2900	454
2901	1319
2902	1394
2903	258
2904	38
2905	61
2906	1030
2907	225
2908	261
2909	1602
2910	188
2911	49
2912	622
2913	223
2914	240
2915	1
2916	483
2917	508
2918	1124
2919	68
2920	128
2921	2764
2922	378
2923	600
2924	294
2925	82
2926	300
2927	603
2928	67
2929	350
2930	23
2931	7
2932	1466
2933	183
2934	338
2935	342
2936	829
2937	12
2938	305
2939	254
2940	213
2941	61
2942	1179
2943	655
2944	163
2945	165
2946	362
2947	133
2948	231
2949	186
2950	1801
2951	514
2952	15
2953	117
2954	330
2955	218
2956	25
2957	1553
2958	1005
2959	450
2960	462
2961	700
2962	13
2963	310
2964	1260
2965	61
2966	810
2967	968
2968	85
2969	523
2970	385
2971	496
2972	95
2973	174
2974	255
2975	506
2976	2346
2977	309
2978	1240
2979	316
2980	185
2981	221
2982	127
2983	809
2984	223
2985	682
2986	34
2987	288
2988	528
2989	66
2990	348
2991	9
2992	817
2993	542
2994	313
2995	267
2996	110
2997	569
2998	1219
2999	2142
3000	634
3001	56
3002	888
3003	160
3004	531
3005	481
3006	1098
3007	1433
3008	101
3009	1772
3010	249
3011	33
3012	112
3013	158
3014	66
3015	147
3016	57
3017	78
3018	47
3019	20
3020	1553
3021	420
3022	309
3023	690
3024	12
3025	493
3026	106
3027	11
3028	236
3029	375
3030	350
3031	135
3032	1225
3033	638
3034	538
3035	899
3036	431
3037	50
3038	1507
3039	218
3040	31
3041	78
3042	819
3043	1039
3044	393
3045	383
3046	441
3047	276
3048	32
3049	372
3050	507
3051	136
3052	117
3053	1689
3054	426
3055	1543
3056	236
3057	2290
3058	636
3059	425
3060	898
3061	425
3062	461
3063	108
3064	573
3065	1555
3066	62
3067	380
3068	618
3069	685
3070	10
3071	97
3072	84
3073	57
3074	54
3075	126
3076	844
3077	716
3078	122
3079	657
3080	713
3081	1631
3082	423
3083	216
3084	658
3085	813
3086	211
3087	960
3088	427
3089	111
3090	94
3091	333
3092	34
3093	217
3094	523
3095	262
3096	973
3097	405
3098	6
3099	340
3100	139
3101	36
3102	258
3103	26
3104	134
3105	928
3106	464
3107	230
3108	438
3109	41
3110	392
3111	1244
3112	426
3113	141
3114	618
3115	764
3116	442
3117	339
3118	307
3119	394
3120	185
3121	444
3122	556
3123	1711
3124	473
3125	210
3126	34
3127	429
3128	206
3129	134
3130	42
3131	421
3132	333
3133	57
3134	287
3135	17
3136	225
3137	671
3138	499
3139	566
3140	176
3141	233
3142	225
3143	134
3144	285
3145	1202
3146	161
3147	901
3148	589
3149	41
3150	749
3151	13
3152	49
3153	1228
3154	452
3155	409
3156	95
3157	232
3158	749
3159	1041
3160	62
3161	314
3162	109
3163	1315
3164	439
3165	710
3166	471
3167	114
3168	761
3169	232
3170	362
3171	442
3172	195
3173	32
3174	677
3175	1405
3176	222
3177	35
3178	547
3179	7
3180	1078
3181	43
3182	199
3183	289
3184	245
3185	589
3186	1341
3187	161
3188	752
3189	656
3190	59
3191	267
3192	503
3193	70
3194	257
3195	57
3196	244
3197	790
3198	16
3199	38
3200	251
3201	683
3202	1639
3203	215
3204	239
3205	158
3206	114
3207	303
3208	309
3209	735
3210	365
3211	1073
3212	154
3213	519
3214	347
3215	116
3216	1556
3217	174
3218	614
3219	864
3220	348
3221	216
3222	533
3223	385
3224	185
3225	730
3226	919
3227	273
3228	336
3229	878
3230	274
3231	468
3232	93
3233	24
3234	104
3235	55
3236	218
3237	916
3238	2024
3239	170
3240	216
3241	145
3242	618
3243	360
3244	1748
3245	61
3246	473
3247	316
3248	684
3249	81
3250	130
3251	122
3252	1540
3253	241
3254	102
3255	123
3256	251
3257	537
3258	183
3259	1611
3260	641
3261	242
3262	190
3263	137
3264	1054
3265	356
3266	120
3267	1047
3268	526
3269	471
3270	650
3271	199
3272	1387
3273	1400
3274	363
3275	777
3276	43
3277	663
3278	562
3279	502
3280	48
3281	252
3282	921
3283	275
3284	354
3285	14
3286	500
3287	459
3288	25
3289	142
3290	733
3291	674
3292	174
3293	216
3294	325
3295	327
3296	104
3297	44
3298	40
3299	796
3300	18
3301	655
3302	54
3303	204
3304	369
3305	922
3306	182
3307	181
3308	358
3309	51
3310	786
3311	306
3312	323
3313	330
3314	481
3315	8
3316	1123
3317	88
3318	236
3319	610
3320	214
3321	304
3322	717
3323	673
3324	462
3325	149
3326	846
3327	378
3328	1001
3329	471
3330	1457
3331	173
3332	30
3333	443
3334	42
3335	693
3336	344
3337	113
3338	119
3339	449
3340	79
3341	51
3342	15
3343	69
3344	47
3345	320
3346	981
3347	1855
3348	233
3349	489
3350	146
3351	107
3352	840
3353	108
3354	572
3355	731
3356	1230
3357	79
3358	311
3359	14
3360	378
3361	565
3362	671
3363	885
3364	116
3365	21
3366	498
3367	703
3368	402
3369	23
3370	35
3371	142
3372	920
3373	11
3374	937
3375	31
3376	1071
3377	276
3378	524
3379	528
3380	115
3381	64
3382	703
3383	1552
3384	1051
3385	75
3386	261
3387	730
3388	765
3389	313
3390	599
3391	550
3392	987
3393	645
3394	172
3395	860
3396	497
3397	1341
3398	104
3399	1338
3400	735
3401	238
3402	685
3403	62
3404	303
3405	620
3406	496
3407	122
3408	719
3409	482
3410	374
3411	379
3412	140
3413	526
3414	944
3415	537
3416	2018
3417	78
3418	109
3419	534
3420	3256
3421	22
3422	250
3423	324
3424	233
3425	386
3426	2198
3427	183
3428	102
3429	210
3430	288
3431	544
3432	96
3433	1097
3434	21
3435	230
3436	403
3437	1042
3438	502
3439	640
3440	294
3441	2495
3442	85
3443	92
3444	104
3445	853
3446	146
3447	54
3448	1680
3449	263
3450	462
3451	69
3452	2096
3453	298
3454	192
3455	1892
3456	1178
3457	254
3458	1147
3459	352
3460	367
3461	180
3462	99
3463	78
3464	966
3465	393
3466	275
3467	208
3468	22
3469	115
3470	26
3471	115
3472	339
3473	97
3474	41
3475	586
3476	445
3477	49
3478	281
3479	219
3480	439
3481	1511
3482	373
3483	1227
3484	535
3485	429
3486	211
3487	288
3488	489
3489	39
3490	287
3491	410
3492	141
3493	239
3494	570
3495	354
3496	411
3497	700
3498	2672
3499	163
3500	717
3501	48
3502	148
3503	156
3504	45
3505	236
3506	327
3507	811
3508	32
3509	192
3510	1048
3511	186
3512	726
3513	398
3514	74
3515	175
3516	72
3517	102
3518	260
3519	51
3520	23
3521	347
3522	47
3523	253
3524	312
3525	410
3526	118
3527	417
3528	271
3529	111
3530	1495
3531	90
3532	92
3533	188
3534	906
3535	485
3536	304
3537	863
3538	660
3539	1137
3540	1656
3541	20
3542	146
3543	411
3544	1355
3545	360
3546	139
3547	631
3548	845
3549	568
3550	361
3551	793
3552	36
3553	582
3554	47
3555	184
3556	374
3557	740
3558	353
3559	136
3560	480
3561	81
3562	45
3563	1011
3564	2260
3565	409
3566	499
3567	609
3568	131
3569	277
3570	249
3571	267
3572	56
3573	1174
3574	85
3575	466
3576	1036
3577	604
3578	328
3579	113
3580	213
3581	19
3582	617
3583	101
3584	887
3585	1409
3586	59
3587	171
3588	469
3589	138
3590	1397
3591	486
3592	560
3593	506
3594	73
3595	706
3596	338
3597	52
3598	333
3599	1792
3600	1937
3601	256
3602	676
3603	69
3604	324
3605	249
3606	742
3607	361
3608	696
3609	332
3610	778
3611	184
3612	1723
3613	258
3614	488
3615	837
3616	118
3617	705
3618	278
3619	480
3620	193
3621	1290
3622	596
3623	116
3624	1949
3625	515
3626	78
3627	154
3628	140
3629	67
3630	212
3631	486
3632	386
3633	1462
3634	128
3635	337
3636	117
3637	335
3638	172
3639	629
3640	1612
3641	237
3642	87
3643	168
3644	142
3645	93
3646	344
3647	135
3648	534
3649	270
3650	321
3651	2693
3652	530
3653	61
3654	189
3655	157
3656	365
3657	78
3658	217
3659	85
3660	295
3661	511
3662	1182
3663	456
3664	223
3665	1128
3666	435
3667	596
3668	725
3669	21
3670	253
3671	744
3672	639
3673	14
3674	41
3675	574
3676	225
3677	387
3678	1064
3679	419
3680	103
3681	180
3682	425
3683	328
3684	144
3685	8
3686	204
3687	324
3688	161
3689	151
3690	192
3691	19
3692	313
3693	60
3694	912
3695	344
3696	97
3697	58
3698	267
3699	400
3700	331
3701	2244
3702	210
3703	191
3704	305
3705	732
3706	166
3707	762
3708	425
3709	17
3710	215
3711	376
3712	1344
3713	69
3714	372
3715	524
3716	798
3717	1724
3718	788
3719	98
3720	232
3721	45
3722	72
3723	131
3724	38
3725	138
3726	541
3727	205
3728	764
3729	1480
3730	88
3731	52
3732	424
3733	568
3734	1447
3735	471
3736	100
3737	22
3738	571
3739	626
3740	357
3741	242
3742	766
3743	521
3744	380
3745	389
3746	1219
3747	27
3748	889
3749	71
3750	321
3751	36
3752	456
3753	124
3754	418
3755	400
3756	178
3757	742
3758	615
3759	610
3760	122
3761	632
3762	235
3763	728
3764	2541
3765	256
3766	109
3767	224
3768	1226
3769	99
3770	226
3771	2
3772	105
3773	437
3774	41
3775	902
3776	330
3777	664
3778	326
3779	102
3780	236
3781	281
3782	1012
3783	20
3784	312
3785	586
3786	196
3787	809
3788	465
3789	156
3790	398
3791	113
3792	1068
3793	525
3794	24
3795	354
3796	198
3797	382
3798	434
3799	526
3800	285
3801	866
3802	1188
3803	56
3804	90
3805	999
3806	184
3807	203
3808	33
3809	7
3810	373
3811	136
3812	257
3813	125
3814	291
3815	5
3816	515
3817	435
3818	313
3819	98
3820	66
3821	28
3822	1634
3823	567
3824	275
3825	1006
3826	16
3827	278
3828	3
3829	1823
3830	1478
3831	283
3832	431
3833	305
3834	119
3835	430
3836	593
3837	792
3838	1014
3839	100
3840	1062
3841	512
3842	345
3843	147
3844	486
3845	476
3846	1037
3847	618
3848	310
3849	1237
3850	54
3851	70
3852	321
3853	369
3854	195
3855	4
3856	317
3857	780
3858	7
3859	48
3860	380
3861	7
3862	129
3863	751
3864	1426
3865	531
3866	54
3867	434
3868	1103
3869	165
3870	2052
3871	551
3872	148
3873	191
3874	18
3875	335
3876	530
3877	178
3878	401
3879	261
3880	766
3881	176
3882	409
3883	655
3884	761
3885	146
3886	282
3887	28
3888	121
3889	1310
3890	19
3891	401
3892	347
3893	138
3894	178
3895	318
3896	219
3897	925
3898	253
3899	140
3900	881
3901	134
3902	26
3903	178
3904	319
3905	334
3906	111
3907	304
3908	980
3909	2609
3910	83
3911	171
3912	533
3913	713
3914	663
3915	1881
3916	193
3917	567
3918	104
3919	378
3920	203
3921	136
3922	69
3923	460
3924	395
3925	1881
3926	525
3927	105
3928	872
3929	1176
3930	493
3931	233
3932	144
3933	209
3934	148
3935	351
3936	613
3937	893
3938	107
3939	164
3940	744
3941	875
3942	292
3943	399
3944	2
3945	460
3946	2062
3947	358
3948	164
3949	759
3950	269
3951	532
3952	197
3953	1082
3954	79
3955	593
3956	104
3957	141
3958	518
3959	75
3960	72
3961	1978
3962	554
3963	614
3964	1763
3965	388
3966	300
3967	39
3968	13
3969	1422
3970	1294
3971	616
3972	714
3973	230
3974	689
3975	169
3976	501
3977	215
3978	370
3979	1663
3980	104
3981	940
3982	308
3983	9
3984	6
3985	298
3986	100
3987	244
3988	526
3989	145
3990	673
3991	1002
3992	783
3993	927
3994	571
3995	405
3996	58
3997	59
3998	982
3999	422
4000	192
4001	772
4002	104
4003	443
4004	436
4005	209
4006	22
4007	103
4008	45
4009	139
4010	249
4011	1137
4012	131
4013	72
4014	524
4015	186
4016	1027
4017	529
4018	221
4019	83
4020	185
4021	771
4022	571
4023	1006
4024	149
4025	996
4026	513
4027	476
4028	801
4029	1261
4030	371
4031	294
4032	598
4033	455
4034	16
4035	1598
4036	539
4037	7
4038	615
4039	738
4040	673
4041	300
4042	857
4043	212
4044	385
4045	18
4046	378
4047	961
4048	190
4049	413
4050	655
4051	601
4052	523
4053	14
4054	2685
4055	153
4056	46
4057	64
4058	29
4059	857
4060	447
4061	17
4062	952
4063	141
4064	763
4065	359
4066	328
4067	10
4068	584
4069	175
4070	648
4071	411
4072	23
4073	239
4074	429
4075	65
4076	363
4077	1197
4078	984
4079	10
4080	97
4081	582
4082	373
4083	564
4084	1288
4085	257
4086	151
4087	429
4088	94
4089	317
4090	173
4091	28
4092	492
4093	382
4094	257
4095	362
4096	85
4097	145
4098	79
4099	715
4100	725
4101	149
4102	720
4103	90
4104	304
4105	107
4106	119
4107	262
4108	60
4109	427
4110	900
4111	542
4112	705
4113	154
4114	156
4115	1592
4116	9
4117	405
4118	1897
4119	98
4120	430
4121	14
4122	307
4123	219
4124	1423
4125	316
4126	368
4127	949
4128	429
4129	85
4130	213
4131	143
4132	693
4133	221
4134	70
4135	836
4136	193
4137	87
4138	216
4139	298
4140	151
4141	138
4142	387
4143	93
4144	44
4145	54
4146	378
4147	90
4148	687
4149	252
4150	326
4151	496
4152	302
4153	381
4154	182
4155	352
4156	190
4157	376
4158	321
4159	799
4160	245
4161	162
4162	432
4163	191
4164	1219
4165	117
4166	361
4167	26
4168	245
4169	181
4170	840
4171	886
4172	33
4173	931
4174	256
4175	179
4176	189
4177	157
4178	724
4179	483
4180	817
4181	78
4182	133
4183	730
4184	662
4185	1454
4186	2079
4187	720
4188	44
4189	286
4190	712
4191	555
4192	2319
4193	1155
4194	27
4195	343
4196	477
4197	20
4198	620
4199	258
4200	199
4201	23
4202	330
4203	1151
4204	168
4205	133
4206	325
4207	243
4208	1179
4209	528
4210	178
4211	164
4212	48
4213	257
4214	130
4215	869
4216	363
4217	749
4218	3834
4219	42
4220	422
4221	17
4222	1715
4223	250
4224	30
4225	401
4226	117
4227	1394
4228	394
4229	20
4230	397
4231	1492
4232	463
4233	2223
4234	729
4235	68
4236	744
4237	962
4238	1273
4239	31
4240	476
4241	216
4242	863
4243	24
4244	427
4245	540
4246	107
4247	56
4248	265
4249	146
4250	654
4251	603
4252	719
4253	462
4254	1545
4255	44
4256	1281
4257	1206
4258	416
4259	611
4260	483
4261	82
4262	849
4263	111
4264	40
4265	39
4266	519
4267	1258
4268	561
4269	758
4270	181
4271	968
4272	710
4273	271
4274	280
4275	724
4276	137
4277	2052
4278	600
4279	104
4280	67
4281	93
4282	444
4283	488
4284	840
4285	212
4286	185
4287	434
4288	356
4289	468
4290	582
4291	245
4292	288
4293	208
4294	896
4295	1076
4296	866
4297	612
4298	284
4299	103
4300	446
4301	845
4302	843
4303	10
4304	475
4305	477
4306	764
4307	671
4308	45
4309	252
4310	1227
4311	584
4312	647
4313	51
4314	61
4315	41
4316	842
4317	384
4318	1744
4319	17
4320	1320
4321	6
4322	1107
4323	355
4324	403
4325	64
4326	1469
4327	26
4328	750
4329	49
4330	135
4331	13
4332	677
4333	495
4334	497
4335	377
4336	4
4337	378
4338	107
4339	431
4340	379
4341	284
4342	63
4343	172
4344	638
4345	59
4346	804
4347	148
4348	464
4349	1153
4350	917
4351	268
4352	1779
4353	352
4354	5
4355	1268
4356	215
4357	20
4358	225
4359	109
4360	194
4361	364
4362	25
4363	43
4364	376
4365	691
4366	2991
4367	3124
4368	110
4369	117
4370	218
4371	740
4372	544
4373	166
4374	217
4375	110
4376	808
4377	314
4378	532
4379	35
4380	664
4381	250
4382	1285
4383	58
4384	579
4385	1310
4386	35
4387	1595
4388	372
4389	133
4390	108
4391	236
4392	315
4393	416
4394	125
4395	283
4396	498
4397	25
4398	619
4399	496
4400	696
4401	511
4402	797
4403	563
4404	441
4405	255
4406	252
4407	395
4408	473
4409	224
4410	528
4411	646
4412	169
4413	18
4414	97
4415	279
4416	119
4417	240
4418	109
4419	45
4420	154
4421	1267
4422	174
4423	627
4424	818
4425	129
4426	1026
4427	61
4428	804
4429	212
4430	382
4431	431
4432	320
4433	41
4434	177
4435	116
4436	719
4437	434
4438	421
4439	84
4440	1671
4441	839
4442	431
4443	264
4444	221
4445	811
4446	356
4447	257
4448	1391
4449	150
4450	341
4451	268
4452	309
4453	582
4454	1190
4455	260
4456	431
4457	42
4458	179
4459	294
4460	368
4461	158
4462	122
4463	418
4464	561
4465	234
4466	36
4467	303
4468	734
4469	402
4470	1053
4471	663
4472	17
4473	187
4474	554
4475	282
4476	1604
4477	328
4478	764
4479	78
4480	735
4481	96
4482	341
4483	96
4484	1586
4485	114
4486	1241
4487	190
4488	75
4489	80
4490	153
4491	624
4492	392
4493	613
4494	264
4495	153
4496	43
4497	197
4498	255
4499	413
4500	613
4501	273
4502	23
4503	893
4504	534
4505	390
4506	232
4507	383
4508	22
4509	1182
4510	56
4511	33
4512	220
4513	181
4514	227
4515	441
4516	72
4517	194
4518	177
4519	57
4520	610
4521	254
4522	666
4523	1015
4524	941
4525	962
4526	90
4527	283
4528	236
4529	613
4530	123
4531	246
4532	220
4533	336
4534	257
4535	30
4536	221
4537	445
4538	656
4539	1021
4540	67
4541	231
4542	318
4543	682
4544	135
4545	981
4546	2394
4547	748
4548	716
4549	205
4550	1404
4551	188
4552	265
4553	2956
4554	289
4555	1762
4556	807
4557	41
4558	214
4559	1445
4560	105
4561	531
4562	420
4563	255
4564	311
4565	319
4566	456
4567	161
4568	713
4569	136
4570	188
4571	38
4572	737
4573	119
4574	2269
4575	862
4576	171
4577	88
4578	51
4579	934
4580	468
4581	35
4582	902
4583	115
4584	774
4585	410
4586	412
4587	230
4588	361
4589	140
4590	193
4591	168
4592	483
4593	613
4594	526
4595	149
4596	10
4597	785
4598	270
4599	449
4600	320
4601	182
4602	148
4603	994
4604	980
4605	39
4606	398
4607	442
4608	275
4609	276
4610	44
4611	219
4612	365
4613	1363
4614	22
4615	481
4616	18
4617	374
4618	508
4619	497
4620	185
4621	2677
4622	999
4623	16
4624	130
4625	147
4626	325
4627	406
4628	280
4629	69
4630	105
4631	227
4632	370
4633	746
4634	6
4635	464
4636	645
4637	1070
4638	142
4639	875
4640	292
4641	572
4642	161
4643	29
4644	583
4645	367
4646	251
4647	709
4648	891
4649	69
4650	1133
4651	56
4652	906
4653	789
4654	555
4655	69
4656	115
4657	179
4658	295
4659	460
4660	683
4661	248
4662	487
4663	403
4664	1287
4665	523
4666	553
4667	244
4668	575
4669	395
4670	286
4671	2
4672	151
4673	835
4674	23
4675	457
4676	216
4677	107
4678	643
4679	128
4680	275
4681	184
4682	464
4683	918
4684	111
4685	34
4686	493
4687	20
4688	227
4689	661
4690	540
4691	807
4692	188
4693	390
4694	388
4695	139
4696	186
4697	125
4698	55
4699	600
4700	432
4701	204
4702	823
4703	29
4704	148
4705	154
4706	737
4707	17
4708	76
4709	21
4710	177
4711	434
4712	414
4713	1366
4714	236
4715	493
4716	414
4717	335
4718	84
4719	454
4720	953
4721	296
4722	360
4723	80
4724	486
4725	1103
4726	684
4727	487
4728	1865
4729	30
4730	828
4731	398
4732	10
4733	289
4734	259
4735	899
4736	837
4737	157
4738	235
4739	175
4740	288
4741	118
4742	348
4743	201
4744	431
4745	237
4746	609
4747	187
4748	191
4749	277
4750	271
4751	222
4752	604
4753	213
4754	182
4755	130
4756	29
4757	251
4758	113
4759	10
4760	144
4761	392
4762	37
4763	193
4764	15
4765	1452
4766	358
4767	391
4768	2358
4769	257
4770	590
4771	449
4772	350
4773	1533
4774	1359
4775	214
4776	580
4777	413
4778	554
4779	949
4780	127
4781	82
4782	181
4783	542
4784	451
4785	219
4786	337
4787	760
4788	1403
4789	323
4790	209
4791	188
4792	170
4793	41
4794	1686
4795	350
4796	1259
4797	358
4798	15
4799	111
4800	261
4801	613
4802	209
4803	15
4804	144
4805	14
4806	935
4807	149
4808	1253
4809	365
4810	28
4811	1913
4812	727
4813	157
4814	575
4815	383
4816	888
4817	577
4818	608
4819	426
4820	163
4821	490
4822	209
4823	40
4824	778
4825	689
4826	261
4827	28
4828	311
4829	1355
4830	620
4831	709
4832	129
4833	67
4834	272
4835	854
4836	273
4837	118
4838	367
4839	65
4840	145
4841	827
4842	89
4843	466
4844	157
4845	133
4846	31
4847	1227
4848	331
4849	339
4850	674
4851	339
4852	509
4853	491
4854	538
4855	1219
4856	28
4857	492
4858	928
4859	580
4860	469
4861	165
4862	129
4863	151
4864	416
4865	107
4866	485
4867	483
4868	1591
4869	32
4870	380
4871	318
4872	171
4873	214
4874	33
4875	264
4876	219
4877	184
4878	489
4879	1107
4880	65
4881	412
4882	201
4883	684
4884	74
4885	258
4886	725
4887	800
4888	69
4889	96
4890	743
4891	89
4892	232
4893	271
4894	1556
4895	596
4896	467
4897	1058
4898	118
4899	354
4900	90
4901	749
4902	80
4903	74
4904	667
4905	268
4906	176
4907	803
4908	548
4909	309
4910	66
4911	2
4912	400
4913	48
4914	1655
4915	37
4916	1955
4917	110
4918	692
4919	334
4920	265
4921	685
4922	1020
4923	239
4924	2
4925	59
4926	732
4927	404
4928	1305
4929	176
4930	287
4931	204
4932	103
4933	653
4934	979
4935	64
4936	28
4937	1072
4938	932
4939	148
4940	716
4941	291
4942	517
4943	977
4944	612
4945	544
4946	2255
4947	63
4948	27
4949	153
4950	276
4951	1520
4952	658
4953	2081
4954	174
4955	193
4956	808
4957	198
4958	39
4959	35
4960	1020
4961	58
4962	178
4963	878
4964	130
4965	110
4966	567
4967	426
4968	52
4969	117
4970	1086
4971	571
4972	40
4973	962
4974	665
4975	285
4976	312
4977	370
4978	772
4979	1619
4980	1138
4981	206
4982	505
4983	142
4984	357
4985	398
4986	124
4987	36
4988	167
4989	165
4990	289
4991	706
4992	303
4993	161
4994	170
4995	220
4996	472
4997	692
4998	163
4999	54
5000	263
5001	494
5002	203
5003	413
5004	102
5005	86
5006	28
5007	222
5008	387
5009	127
5010	302
5011	30
5012	11
5013	470
5014	192
5015	106
5016	176
5017	837
5018	768
5019	242
5020	892
5021	835
5022	42
5023	49
5024	10
5025	1051
5026	234
5027	186
5028	313
5029	1551
5030	252
5031	130
5032	148
5033	215
5034	715
5035	959
5036	563
5037	303
5038	617
5039	200
5040	1634
5041	367
5042	387
5043	54
5044	309
5045	249
5046	383
5047	847
5048	1507
5049	14
5050	445
5051	34
5052	1039
5053	407
5054	70
5055	1009
5056	895
5057	181
5058	35
5059	63
5060	785
5061	549
5062	85
5063	64
5064	471
5065	38
5066	112
5067	91
5068	23
5069	452
5070	1831
5071	314
5072	328
5073	269
5074	64
5075	124
5076	56
5077	586
5078	97
5079	512
5080	139
5081	588
5082	138
5083	1020
5084	726
5085	259
5086	1664
5087	616
5088	214
5089	562
5090	623
5091	1840
5092	193
5093	707
5094	1153
5095	187
5096	596
5097	726
5098	467
5099	276
5100	184
5101	598
5102	152
5103	1288
5104	2144
5105	1446
5106	552
5107	171
5108	11
5109	2204
5110	643
5111	275
5112	184
5113	292
5114	725
5115	1051
5116	73
5117	811
5118	103
5119	454
5120	906
5121	357
5122	666
5123	209
5124	1675
5125	80
5126	639
5127	1064
5128	58
5129	474
5130	157
5131	395
5132	349
5133	1152
5134	655
5135	88
5136	158
5137	1700
5138	246
5139	183
5140	925
5141	181
5142	890
5143	180
5144	1795
5145	361
5146	2027
5147	1052
5148	208
5149	1453
5150	389
5151	724
5152	415
5153	49
5154	459
5155	580
5156	393
5157	603
5158	59
5159	293
5160	135
5161	267
5162	811
5163	367
5164	1303
5165	458
5166	183
5167	47
5168	279
5169	122
5170	1280
5171	159
5172	167
5173	71
5174	827
5175	99
5176	39
5177	1520
5178	111
5179	970
5180	1105
5181	206
5182	301
5183	1125
5184	555
5185	334
5186	114
5187	448
5188	88
5189	439
5190	68
5191	303
5192	417
5193	62
5194	399
5195	497
5196	133
5197	350
5198	1777
5199	59
5200	121
5201	93
5202	71
5203	211
5204	9
5205	8
5206	572
5207	1015
5208	55
5209	878
5210	155
5211	353
5212	271
5213	621
5214	482
5215	221
5216	136
5217	52
5218	1106
5219	1515
5220	862
5221	50
5222	26
5223	1280
5224	336
5225	147
5226	1213
5227	11
5228	22
5229	211
5230	39
5231	453
5232	155
5233	99
5234	1406
5235	563
5236	117
5237	661
5238	204
5239	521
5240	284
5241	104
5242	457
5243	648
5244	315
5245	156
5246	99
5247	461
5248	46
5249	245
5250	35
5251	483
5252	73
5253	1481
5254	119
5255	80
5256	472
5257	194
5258	115
5259	412
5260	297
5261	408
5262	785
5263	169
5264	1227
5265	380
5266	149
5267	506
5268	206
5269	1585
5270	1012
5271	356
5272	575
5273	336
5274	631
5275	995
5276	163
5277	655
5278	159
5279	230
5280	384
5281	219
5282	576
5283	10
5284	14
5285	180
5286	1990
5287	18
5288	219
5289	21
5290	17
5291	1226
5292	49
5293	534
5294	350
5295	612
5296	140
5297	911
5298	75
5299	204
5300	82
5301	95
5302	1235
5303	1305
5304	243
5305	2558
5306	82
5307	1268
5308	186
5309	1293
5310	193
5311	227
5312	90
5313	597
5314	85
5315	362
5316	321
5317	745
5318	282
5319	49
5320	199
5321	1476
5322	894
5323	109
5324	380
5325	119
5326	1263
5327	867
5328	563
5329	168
5330	2707
5331	519
5332	28
5333	429
5334	77
5335	326
5336	87
5337	531
5338	1287
5339	320
5340	645
5341	176
5342	1091
5343	1665
5344	55
5345	505
5346	659
5347	412
5348	84
5349	115
5350	772
5351	602
5352	488
5353	405
5354	108
5355	731
5356	265
5357	144
5358	252
5359	260
5360	130
5361	8
5362	92
5363	1032
5364	1224
5365	458
5366	87
5367	95
5368	213
5369	360
5370	736
5371	29
5372	885
5373	182
5374	101
5375	1179
5376	1350
5377	296
5378	625
5379	1757
5380	18
5381	1376
5382	50
5383	1638
5384	886
5385	955
5386	404
5387	434
5388	365
5389	524
5390	195
5391	67
5392	1024
5393	520
5394	573
5395	208
5396	1433
5397	102
5398	270
5399	1517
5400	842
5401	268
5402	1215
5403	713
5404	395
5405	55
5406	56
5407	926
5408	179
5409	535
5410	998
5411	880
5412	1185
5413	267
5414	148
5415	25
5416	401
5417	157
5418	223
5419	321
5420	1374
5421	143
5422	344
5423	34
5424	308
5425	280
5426	540
5427	104
5428	407
5429	448
5430	653
5431	503
5432	580
5433	628
5434	56
5435	947
5436	35
5437	222
5438	250
5439	1234
5440	162
5441	235
5442	178
5443	477
5444	103
5445	1033
5446	1069
5447	472
5448	416
5449	149
5450	69
5451	536
5452	1863
5453	468
5454	485
5455	1461
5456	380
5457	367
5458	1530
5459	991
5460	1436
5461	428
5462	1840
5463	883
5464	1275
5465	644
5466	162
5467	87
5468	432
5469	250
5470	350
5471	2507
5472	801
5473	42
5474	330
5475	21
5476	382
5477	422
5478	612
5479	200
5480	451
5481	155
5482	387
5483	166
5484	64
5485	414
5486	363
5487	304
5488	525
5489	1224
5490	476
5491	339
5492	5
5493	14
5494	694
5495	165
5496	372
5497	1030
5498	289
5499	536
5500	511
5501	264
5502	438
5503	616
5504	165
5505	652
5506	462
5507	357
5508	877
5509	149
5510	74
5511	1070
5512	105
5513	867
5514	6
5515	174
5516	116
5517	322
5518	23
5519	622
5520	53
5521	316
5522	194
5523	470
5524	722
5525	50
5526	561
5527	8
5528	260
5529	722
5530	1123
5531	26
5532	836
5533	14
5534	620
5535	448
5536	41
5537	187
5538	75
5539	44
5540	721
5541	44
5542	229
5543	1892
5544	152
5545	386
5546	256
5547	113
5548	39
5549	71
5550	164
5551	839
5552	184
5553	48
5554	74
5555	64
5556	344
5557	465
5558	1102
5559	1565
5560	208
5561	40
5562	730
5563	502
5564	78
5565	212
5566	29
5567	499
5568	336
5569	158
5570	2221
5571	685
5572	63
5573	217
5574	3275
5575	51
5576	258
5577	4369
5578	604
5579	724
5580	413
5581	564
5582	148
5583	91
5584	794
5585	18
5586	390
5587	276
5588	77
5589	15
5590	72
5591	198
5592	416
5593	318
5594	106
5595	105
5596	38
5597	26
5598	47
5599	243
5600	68
5601	1165
5602	95
5603	121
5604	158
5605	995
5606	214
5607	159
5608	336
5609	86
5610	523
5611	665
5612	251
5613	543
5614	272
5615	70
5616	68
5617	43
5618	194
5619	588
5620	364
5621	404
5622	114
5623	583
5624	4
5625	276
5626	1182
5627	167
5628	718
5629	538
5630	663
5631	2357
5632	127
5633	306
5634	112
5635	133
5636	488
5637	451
5638	868
5639	517
5640	2021
5641	750
5642	104
5643	74
5644	398
5645	493
5646	1006
5647	1149
5648	193
5649	148
5650	187
5651	46
5652	917
5653	55
5654	1597
5655	1542
5656	403
5657	57
5658	650
5659	11
5660	14
5661	312
5662	15
5663	44
5664	802
5665	9
5666	556
5667	741
5668	95
5669	206
5670	606
5671	1029
5672	764
5673	1451
5674	99
5675	45
5676	51
5677	374
5678	776
5679	1148
5680	6
5681	912
5682	1298
5683	305
5684	108
5685	491
5686	47
5687	97
5688	741
5689	2122
5690	498
5691	68
5692	1308
5693	225
5694	651
5695	70
5696	64
5697	442
5698	147
5699	676
5700	1022
5701	20
5702	849
5703	1038
5704	578
5705	541
5706	41
5707	697
5708	853
5709	436
5710	540
5711	216
5712	130
5713	657
5714	331
5715	82
5716	761
5717	149
5718	294
5719	299
5720	1185
5721	281
5722	454
5723	793
5724	728
5725	247
5726	1155
5727	551
5728	220
5729	113
5730	252
5731	305
5732	119
5733	14
5734	229
5735	549
5736	248
5737	998
5738	186
5739	457
5740	628
5741	24
5742	625
5743	377
5744	514
5745	317
5746	194
5747	1295
5748	1149
5749	858
5750	490
5751	563
5752	493
5753	63
5754	576
5755	872
5756	229
5757	1180
5758	201
5759	1604
5760	175
5761	776
5762	301
5763	761
5764	162
5765	742
5766	62
5767	14
5768	415
5769	21
5770	62
5771	244
5772	697
5773	120
5774	688
5775	107
5776	6
5777	418
5778	518
5779	201
5780	140
5781	283
5782	418
5783	39
5784	198
5785	96
5786	49
5787	373
5788	1269
5789	968
5790	49
5791	181
5792	390
5793	1276
5794	3890
5795	339
5796	345
5797	258
5798	148
5799	506
5800	754
5801	816
5802	135
5803	308
5804	123
5805	733
5806	97
5807	223
5808	89
5809	359
5810	435
5811	533
5812	134
5813	200
5814	356
5815	60
5816	108
5817	405
5818	91
5819	293
5820	671
5821	108
5822	10
5823	910
5824	450
5825	85
5826	591
5827	118
5828	93
5829	1
5830	472
5831	127
5832	131
5833	226
5834	241
5835	218
5836	1249
5837	76
5838	127
5839	43
5840	185
5841	144
5842	398
5843	151
5844	359
5845	1028
5846	459
5847	9
5848	473
5849	2250
5850	502
5851	511
5852	357
5853	145
5854	175
5855	342
5856	321
5857	244
5858	559
5859	363
5860	327
5861	744
5862	408
5863	1011
5864	77
5865	1705
5866	811
5867	863
5868	851
5869	323
5870	682
5871	203
5872	143
5873	67
5874	67
5875	42
5876	568
5877	1314
5878	676
5879	74
5880	726
5881	480
5882	631
5883	567
5884	459
5885	226
5886	68
5887	62
5888	205
5889	839
5890	9
5891	584
5892	662
5893	996
5894	50
5895	680
5896	484
5897	154
5898	648
5899	82
5900	112
5901	66
5902	517
5903	579
5904	347
5905	630
5906	365
5907	392
5908	26
5909	55
5910	92
5911	381
5912	587
5913	357
5914	1610
5915	173
5916	31
5917	613
5918	27
5919	391
5920	303
5921	427
5922	558
5923	1081
5924	165
5925	553
5926	110
5927	241
5928	982
5929	610
5930	376
5931	446
5932	80
5933	42
5934	101
5935	81
5936	709
5937	126
5938	58
5939	489
5940	46
5941	2117
5942	220
5943	494
5944	43
5945	94
5946	141
5947	432
5948	474
5949	145
5950	326
5951	572
5952	109
5953	374
5954	302
5955	1075
5956	150
5957	326
5958	188
5959	13
5960	125
5961	342
5962	3111
5963	52
5964	203
5965	377
5966	328
5967	187
5968	413
5969	518
5970	882
5971	27
5972	534
5973	2531
5974	103
5975	451
5976	21
5977	61
5978	354
5979	987
5980	79
5981	341
5982	702
5983	174
5984	300
5985	139
5986	569
5987	124
5988	659
5989	106
5990	491
5991	256
5992	161
5993	1353
5994	925
5995	414
5996	555
5997	747
5998	742
5999	118
6000	249
6001	512
6002	25
6003	180
6004	925
6005	103
6006	216
6007	853
6008	644
6009	436
6010	266
6011	706
6012	258
6013	522
6014	235
6015	212
6016	430
6017	165
6018	10
6019	44
6020	34
6021	335
6022	205
6023	250
6024	199
6025	13
6026	123
6027	169
6028	727
6029	434
6030	486
6031	124
6032	8
6033	102
6034	355
6035	81
6036	105
6037	470
6038	141
6039	71
6040	38
6041	6
6042	558
6043	1607
6044	390
6045	878
6046	143
6047	587
6048	729
6049	579
6050	361
6051	613
6052	322
6053	91
6054	138
6055	948
6056	491
6057	502
6058	151
6059	1266
6060	496
6061	388
6062	19
6063	664
6064	182
6065	34
6066	143
6067	156
6068	118
6069	890
6070	64
6071	1054
6072	96
6073	190
6074	276
6075	32
6076	928
6077	205
6078	123
6079	327
6080	403
6081	1836
6082	190
6083	719
6084	694
6085	44
6086	262
6087	72
6088	476
6089	263
6090	1063
6091	377
6092	515
6093	257
6094	1068
6095	12
6096	633
6097	534
6098	510
6099	1537
6100	514
6101	146
6102	364
6103	182
6104	129
6105	35
6106	208
6107	918
6108	555
6109	467
6110	67
6111	510
6112	874
6113	20
6114	35
6115	965
6116	1674
6117	52
6118	68
6119	101
6120	101
6121	1056
6122	269
6123	276
6124	188
6125	73
6126	79
6127	618
6128	222
6129	249
6130	45
6131	126
6132	539
6133	897
6134	101
6135	203
6136	89
6137	324
6138	186
6139	21
6140	335
6141	572
6142	796
6143	199
6144	854
6145	188
6146	134
6147	361
6148	1238
6149	492
6150	896
6151	14
6152	638
6153	68
6154	64
6155	808
6156	87
6157	639
6158	530
6159	1858
6160	151
6161	64
6162	730
6163	100
6164	4
6165	273
6166	1340
6167	145
6168	872
6169	2665
6170	134
6171	250
6172	37
6173	45
6174	73
6175	473
6176	1350
6177	426
6178	184
6179	166
6180	127
6181	760
6182	140
6183	81
6184	329
6185	28
6186	1
6187	1184
6188	435
6189	48
6190	208
6191	303
6192	112
6193	578
6194	2061
6195	236
6196	221
6197	268
6198	324
6199	180
6200	259
6201	2303
6202	108
6203	126
6204	572
6205	116
6206	443
6207	322
6208	1547
6209	323
6210	339
6211	313
6212	25
6213	1791
6214	119
6215	209
6216	563
6217	81
6218	317
6219	1809
6220	146
6221	414
6222	1153
6223	510
6224	380
6225	91
6226	657
6227	711
6228	28
6229	74
6230	442
6231	203
6232	654
6233	227
6234	620
6235	524
6236	90
6237	276
6238	629
6239	477
6240	408
6241	125
6242	20
6243	315
6244	109
6245	756
6246	156
6247	900
6248	92
6249	677
6250	219
6251	545
6252	417
6253	14
6254	232
6255	791
6256	146
6257	848
6258	235
6259	447
6260	157
6261	773
6262	199
6263	858
6264	486
6265	1282
6266	1145
6267	188
6268	140
6269	567
6270	732
6271	81
6272	1565
6273	490
6274	235
6275	181
6276	4
6277	753
6278	244
6279	75
6280	358
6281	412
6282	2169
6283	238
6284	60
6285	67
6286	12
6287	1599
6288	291
6289	182
6290	617
6291	612
6292	8
6293	537
6294	439
6295	384
6296	327
6297	30
6298	473
6299	530
6300	80
6301	141
6302	1001
6303	368
6304	29
6305	702
6306	121
6307	313
6308	971
6309	410
6310	280
6311	51
6312	34
6313	9
6314	45
6315	59
6316	796
6317	954
6318	171
6319	327
6320	67
6321	204
6322	98
6323	2093
6324	678
6325	148
6326	392
6327	197
6328	293
6329	558
6330	2965
6331	219
6332	657
6333	21
6334	89
6335	581
6336	26
6337	9
6338	152
6339	865
6340	62
6341	116
6342	716
6343	693
6344	428
6345	217
6346	865
6347	236
6348	283
6349	183
6350	704
6351	649
6352	278
6353	274
6354	1277
6355	349
6356	202
6357	160
6358	480
6359	180
6360	63
6361	1111
6362	109
6363	1704
6364	153
6365	777
6366	604
6367	336
6368	10
6369	106
6370	831
6371	120
6372	265
6373	109
6374	232
6375	632
6376	1017
6377	780
6378	520
6379	258
6380	388
6381	300
6382	237
6383	750
6384	436
6385	371
6386	325
6387	392
6388	235
6389	73
6390	33
6391	989
6392	1570
6393	97
6394	502
6395	24
6396	814
6397	2399
6398	891
6399	129
6400	238
6401	302
6402	134
6403	136
6404	223
6405	432
6406	171
6407	49
6408	249
6409	1349
6410	433
6411	25
6412	1912
6413	877
6414	995
6415	282
6416	220
6417	60
6418	472
6419	283
6420	1963
6421	795
6422	1005
6423	266
6424	592
6425	12
6426	735
6427	115
6428	1083
6429	247
6430	212
6431	633
6432	710
6433	438
6434	190
6435	244
6436	136
6437	716
6438	436
6439	148
6440	975
6441	105
6442	957
6443	161
6444	313
6445	1889
6446	177
6447	364
6448	903
6449	826
6450	144
6451	489
6452	103
6453	491
6454	836
6455	479
6456	775
6457	118
6458	42
6459	97
6460	16
6461	766
6462	357
6463	646
6464	464
6465	355
6466	1170
6467	47
6468	342
6469	511
6470	512
6471	201
6472	106
6473	378
6474	1563
6475	488
6476	16
6477	242
6478	582
6479	61
6480	62
6481	244
6482	207
6483	1173
6484	255
6485	563
6486	774
6487	320
6488	189
6489	906
6490	893
6491	225
6492	10
6493	322
6494	314
6495	1457
6496	419
6497	38
6498	34
6499	301
6500	958
6501	350
6502	45
6503	162
6504	96
6505	160
6506	528
6507	1090
6508	453
6509	505
6510	825
6511	236
6512	70
6513	497
6514	442
6515	786
6516	75
6517	155
6518	1231
6519	367
6520	1359
6521	780
6522	1184
6523	260
6524	744
6525	46
6526	1177
6527	690
6528	81
6529	265
6530	439
6531	143
6532	194
6533	357
6534	44
6535	358
6536	81
6537	70
6538	196
6539	441
6540	78
6541	1981
6542	102
6543	460
6544	509
6545	963
6546	454
6547	171
6548	1706
6549	654
6550	564
6551	168
6552	2948
6553	26
6554	28
6555	51
6556	98
6557	1165
6558	17
6559	604
6560	206
6561	457
6562	120
6563	706
6564	628
6565	151
6566	944
6567	54
6568	954
6569	32
6570	319
6571	1049
6572	186
6573	52
6574	38
6575	364
6576	650
6577	107
6578	291
6579	797
6580	211
6581	660
6582	520
6583	16
6584	463
6585	842
6586	303
6587	150
6588	534
6589	316
6590	3190
6591	73
6592	349
6593	288
6594	42
6595	603
6596	618
6597	57
6598	591
6599	284
6600	72
6601	1361
6602	46
6603	730
6604	1028
6605	527
6606	61
6607	537
6608	594
6609	116
6610	172
6611	569
6612	68
6613	583
6614	41
6615	304
6616	191
6617	234
6618	511
6619	595
6620	3066
6621	876
6622	1478
6623	271
6624	213
6625	228
6626	553
6627	488
6628	196
6629	212
6630	4
6631	665
6632	280
6633	989
6634	722
6635	1014
6636	573
6637	168
6638	324
6639	170
6640	635
6641	50
6642	911
6643	324
6644	883
6645	1162
6646	213
6647	2243
6648	333
6649	619
6650	567
6651	174
6652	156
6653	230
6654	475
6655	227
6656	775
6657	300
6658	35
6659	485
6660	200
6661	333
6662	145
6663	367
6664	97
6665	122
6666	287
6667	747
6668	303
6669	287
6670	77
6671	1040
6672	65
6673	402
6674	608
6675	205
6676	671
6677	14
6678	467
6679	358
6680	1307
6681	297
6682	775
6683	221
6684	35
6685	117
6686	172
6687	633
6688	577
6689	201
6690	829
6691	637
6692	240
6693	261
6694	945
6695	301
6696	1012
6697	676
6698	327
6699	845
6700	330
6701	208
6702	404
6703	109
6704	1018
6705	152
6706	18
6707	106
6708	370
6709	390
6710	152
6711	85
6712	136
6713	332
6714	16
6715	115
6716	92
6717	82
6718	104
6719	860
6720	66
6721	23
6722	153
6723	120
6724	406
6725	384
6726	38
6727	439
6728	184
6729	391
6730	1076
6731	229
6732	908
6733	385
6734	1669
6735	166
6736	251
6737	513
6738	63
6739	65
6740	195
6741	54
6742	608
6743	278
6744	509
6745	120
6746	554
6747	688
6748	150
6749	1817
6750	568
6751	618
6752	2
6753	879
6754	176
6755	182
6756	11
6757	1050
6758	771
6759	1369
6760	455
6761	364
6762	84
6763	479
6764	531
6765	198
6766	1078
6767	944
6768	1255
6769	882
6770	115
6771	322
6772	196
6773	744
6774	160
6775	591
6776	49
6777	821
6778	393
6779	1960
6780	254
6781	346
6782	369
6783	1026
6784	481
6785	171
6786	236
6787	576
6788	351
6789	290
6790	950
6791	161
6792	500
6793	1765
6794	1709
6795	1146
6796	349
6797	141
6798	52
6799	36
6800	865
6801	757
6802	262
6803	989
6804	322
6805	540
6806	731
6807	57
6808	615
6809	168
6810	33
6811	260
6812	107
6813	48
6814	134
6815	420
6816	430
6817	311
6818	200
6819	348
6820	181
6821	624
6822	97
6823	1361
6824	37
6825	602
6826	211
6827	346
6828	378
6829	100
6830	460
6831	1
6832	2325
6833	595
6834	153
6835	1117
6836	739
6837	578
6838	554
6839	551
6840	2233
6841	564
6842	511
6843	161
6844	120
6845	240
6846	247
6847	1222
6848	177
6849	221
6850	986
6851	17
6852	897
6853	323
6854	125
6855	133
6856	60
6857	546
6858	209
6859	1149
6860	727
6861	11
6862	583
6863	49
6864	414
6865	118
6866	666
6867	288
6868	189
6869	78
6870	251
6871	602
6872	280
6873	222
6874	980
6875	546
6876	137
6877	684
6878	518
6879	660
6880	402
6881	540
6882	87
6883	808
6884	119
6885	824
6886	29
6887	1278
6888	500
6889	266
6890	1421
6891	1171
6892	1494
6893	238
6894	70
6895	581
6896	88
6897	338
6898	87
6899	964
6900	329
6901	1371
6902	698
6903	316
6904	1509
6905	564
6906	74
6907	219
6908	19
6909	115
6910	134
6911	227
6912	665
6913	18
6914	275
6915	285
6916	235
6917	1092
6918	905
6919	165
6920	667
6921	89
6922	8
6923	114
6924	37
6925	45
6926	176
6927	607
6928	112
6929	165
6930	1079
6931	507
6932	862
6933	1164
6934	390
6935	138
6936	44
6937	350
6938	505
6939	1212
6940	86
6941	6
6942	374
6943	626
6944	566
6945	9
6946	290
6947	894
6948	138
6949	299
6950	95
6951	377
6952	77
6953	205
6954	908
6955	274
6956	303
6957	673
6958	269
6959	123
6960	575
6961	339
6962	734
6963	549
6964	93
6965	269
6966	212
6967	84
6968	21
6969	236
6970	514
6971	982
6972	739
6973	64
6974	278
6975	278
6976	254
6977	67
6978	645
6979	738
6980	1648
6981	97
6982	2035
6983	885
6984	366
6985	468
6986	641
6987	778
6988	320
6989	597
6990	419
6991	247
6992	240
6993	1809
6994	552
6995	144
6996	1317
6997	99
6998	61
6999	1691
7000	157
7001	104
7002	34
7003	2104
7004	428
7005	574
7006	529
7007	340
7008	619
7009	365
7010	591
7011	424
7012	74
7013	77
7014	668
7015	4
7016	270
7017	4
7018	313
7019	18
7020	842
7021	552
7022	819
7023	26
7024	1177
7025	218
7026	218
7027	208
7028	267
7029	374
7030	107
7031	182
7032	506
7033	339
7034	675
7035	671
7036	54
7037	272
7038	289
7039	680
7040	131
7041	1339
7042	502
7043	520
7044	22
7045	397
7046	473
7047	42
7048	329
7049	402
7050	528
7051	1252
7052	333
7053	51
7054	291
7055	952
7056	481
7057	1034
7058	212
7059	492
7060	60
7061	96
7062	149
7063	3
7064	621
7065	580
7066	20
7067	212
7068	74
7069	472
7070	270
7071	1205
7072	121
7073	189
7074	238
7075	79
7076	600
7077	222
7078	257
7079	221
7080	152
7081	443
7082	628
7083	1528
7084	3
7085	825
7086	151
7087	68
7088	464
7089	343
7090	226
7091	34
7092	53
7093	1274
7094	783
7095	235
7096	744
7097	640
7098	1167
7099	299
7100	343
7101	434
7102	27
7103	136
7104	1778
7105	1708
7106	821
7107	68
7108	282
7109	212
7110	723
7111	859
7112	399
7113	534
7114	308
7115	33
7116	653
7117	961
7118	1081
7119	251
7120	315
7121	312
7122	899
7123	36
7124	46
7125	193
7126	599
7127	99
7128	29
7129	106
7130	2433
7131	19
7132	226
7133	35
7134	256
7135	38
7136	2
7137	637
7138	159
7139	76
7140	76
7141	102
7142	192
7143	1268
7144	55
7145	10
7146	587
7147	370
7148	512
7149	1107
7150	140
7151	1065
7152	287
7153	268
7154	505
7155	20
7156	1125
7157	28
7158	2886
7159	66
7160	68
7161	90
7162	63
7163	633
7164	536
7165	361
7166	296
7167	227
7168	344
7169	277
7170	182
7171	1261
7172	397
7173	84
7174	1592
7175	476
7176	148
7177	4
7178	94
7179	23
7180	68
7181	276
7182	979
7183	24
7184	717
7185	328
7186	193
7187	1154
7188	1073
7189	307
7190	706
7191	611
7192	34
7193	442
7194	313
7195	419
7196	412
7197	268
7198	430
7199	1435
7200	337
7201	13
7202	1342
7203	119
7204	1034
7205	410
7206	65
7207	448
7208	374
7209	322
7210	435
7211	347
7212	16
7213	868
7214	68
7215	93
7216	357
7217	18
7218	448
7219	481
7220	35
7221	812
7222	169
7223	168
7224	210
7225	55
7226	205
7227	58
7228	561
7229	306
7230	64
7231	295
7232	2
7233	556
7234	496
7235	358
7236	607
7237	31
7238	244
7239	370
7240	412
7241	172
7242	857
7243	78
7244	101
7245	2466
7246	51
7247	254
7248	758
7249	168
7250	319
7251	179
7252	245
7253	670
7254	2864
7255	403
7256	46
7257	1332
7258	261
7259	882
7260	195
7261	328
7262	95
7263	665
7264	567
7265	73
7266	520
7267	1774
7268	121
7269	123
7270	10
7271	702
7272	92
7273	1043
7274	579
7275	63
7276	366
7277	769
7278	603
7279	76
7280	669
7281	153
7282	574
7283	294
7284	192
7285	337
7286	119
7287	20
7288	301
7289	175
7290	54
7291	363
7292	389
7293	568
7294	126
7295	252
7296	134
7297	205
7298	42
7299	64
7300	402
7301	22
7302	91
7303	628
7304	685
7305	15
7306	13
7307	320
7308	611
7309	60
7310	1330
7311	1595
7312	208
7313	2715
7314	481
7315	348
7316	114
7317	100
7318	394
7319	71
7320	215
7321	770
7322	978
7323	480
7324	171
7325	849
7326	1651
7327	2045
7328	13
7329	493
7330	946
7331	292
7332	235
7333	18
7334	42
7335	606
7336	442
7337	769
7338	1753
7339	415
7340	209
7341	518
7342	384
7343	41
7344	26
7345	201
7346	210
7347	293
7348	144
7349	1153
7350	21
7351	136
7352	115
7353	8
7354	513
7355	524
7356	704
7357	1652
7358	86
7359	102
7360	181
7361	643
7362	155
7363	256
7364	109
7365	692
7366	587
7367	240
7368	83
7369	173
7370	253
7371	1214
7372	695
7373	166
7374	616
7375	290
7376	126
7377	333
7378	47
7379	53
7380	338
7381	793
7382	43
7383	435
7384	1795
7385	355
7386	505
7387	133
7388	300
7389	148
7390	564
7391	53
7392	471
7393	508
7394	27
7395	398
7396	582
7397	328
7398	528
7399	369
7400	713
7401	236
7402	426
7403	142
7404	476
7405	1003
7406	288
7407	106
7408	42
7409	752
7410	56
7411	92
7412	89
7413	151
7414	747
7415	601
7416	799
7417	121
7418	156
7419	176
7420	27
7421	30
7422	2361
7423	435
7424	201
7425	38
7426	104
7427	4
7428	98
7429	423
7430	228
7431	36
7432	469
7433	756
7434	361
7435	1152
7436	66
7437	2096
7438	135
7439	273
7440	42
7441	439
7442	124
7443	444
7444	227
7445	414
7446	23
7447	1641
7448	1278
7449	62
7450	211
7451	602
7452	392
7453	894
7454	92
7455	77
7456	357
7457	448
7458	28
7459	50
7460	53
7461	215
7462	916
7463	314
7464	314
7465	197
7466	621
7467	446
7468	680
7469	5315
7470	688
7471	1234
7472	20
7473	517
7474	101
7475	153
7476	16
7477	147
7478	22
7479	93
7480	63
7481	1313
7482	303
7483	412
7484	475
7485	656
7486	532
7487	21
7488	320
7489	356
7490	141
7491	52
7492	1071
7493	864
7494	696
7495	361
7496	831
7497	104
7498	333
7499	824
7500	401
7501	210
7502	29
7503	342
7504	225
7505	506
7506	526
7507	705
7508	202
7509	162
7510	133
7511	183
7512	393
7513	139
7514	451
7515	828
7516	224
7517	32
7518	52
7519	26
7520	51
7521	672
7522	636
7523	1238
7524	38
7525	308
7526	193
7527	1078
7528	182
7529	532
7530	1591
7531	423
7532	2
7533	252
7534	1628
7535	474
7536	185
7537	174
7538	231
7539	738
7540	124
7541	689
7542	289
7543	321
7544	820
7545	347
7546	980
7547	28
7548	357
7549	511
7550	126
7551	664
7552	325
7553	534
7554	200
7555	280
7556	136
7557	68
7558	495
7559	937
7560	1224
7561	484
7562	251
7563	634
7564	584
7565	198
7566	159
7567	1730
7568	34
7569	1078
7570	78
7571	187
7572	1476
7573	278
7574	47
7575	882
7576	403
7577	258
7578	57
7579	230
7580	643
7581	175
7582	583
7583	89
7584	1602
7585	97
7586	324
7587	30
7588	1935
7589	378
7590	210
7591	117
7592	821
7593	5
7594	202
7595	1010
7596	244
7597	52
7598	210
7599	106
7600	167
7601	170
7602	311
7603	950
7604	806
7605	324
7606	515
7607	198
7608	121
7609	83
7610	268
7611	806
7612	658
7613	152
7614	12
7615	582
7616	235
7617	423
7618	1970
7619	1170
7620	244
7621	1011
7622	256
7623	986
7624	732
7625	218
7626	219
7627	18
7628	884
7629	575
7630	314
7631	238
7632	233
7633	231
7634	61
7635	127
7636	96
7637	271
7638	32
7639	512
7640	2165
7641	635
7642	464
7643	74
7644	701
7645	317
7646	142
7647	79
7648	684
7649	782
7650	564
7651	245
7652	1467
7653	188
7654	4
7655	1172
7656	229
7657	1421
7658	14
7659	1077
7660	105
7661	1622
7662	20
7663	1475
7664	124
7665	230
7666	123
7667	1767
7668	1148
7669	684
7670	131
7671	270
7672	1417
7673	12
7674	1272
7675	39
7676	806
7677	110
7678	1426
7679	1249
7680	476
7681	584
7682	812
7683	1041
7684	488
7685	31
7686	785
7687	665
7688	306
7689	354
7690	221
7691	767
7692	97
7693	14
7694	435
7695	154
7696	19
7697	72
7698	554
7699	90
7700	137
7701	51
7702	1486
7703	86
7704	8
7705	83
7706	71
7707	69
7708	285
7709	10
7710	1134
7711	134
7712	405
7713	141
7714	52
7715	608
7716	426
7717	432
7718	729
7719	330
7720	279
7721	562
7722	7
7723	750
7724	163
7725	122
7726	803
7727	455
7728	367
7729	406
7730	231
7731	697
7732	100
7733	396
7734	647
7735	456
7736	1187
7737	287
7738	420
7739	693
7740	209
7741	739
7742	190
7743	470
7744	95
7745	910
7746	78
7747	471
7748	267
7749	223
7750	64
7751	60
7752	433
7753	931
7754	765
7755	89
7756	182
7757	784
7758	823
7759	1192
7760	917
7761	838
7762	474
7763	463
7764	660
7765	325
7766	472
7767	157
7768	374
7769	308
7770	1427
7771	284
7772	42
7773	1596
7774	177
7775	819
7776	832
7777	483
7778	237
7779	53
7780	787
7781	95
7782	137
7783	50
7784	1373
7785	272
7786	320
7787	737
7788	257
7789	82
7790	38
7791	114
7792	2829
7793	864
7794	583
7795	313
7796	73
7797	1729
7798	870
7799	612
7800	82
7801	302
7802	1151
7803	141
7804	596
7805	106
7806	265
7807	2670
7808	204
7809	527
7810	1012
7811	262
7812	248
7813	43
7814	351
7815	2612
7816	426
7817	117
7818	32
7819	96
7820	935
7821	458
7822	196
7823	530
7824	157
7825	491
7826	318
7827	78
7828	387
7829	1067
7830	415
7831	103
7832	989
7833	125
7834	57
7835	64
7836	134
7837	463
7838	50
7839	62
7840	94
7841	558
7842	624
7843	38
7844	121
7845	496
7846	517
7847	557
7848	363
7849	430
7850	262
7851	245
7852	483
7853	132
7854	260
7855	60
7856	262
7857	1075
7858	1752
7859	388
7860	59
7861	26
7862	25
7863	408
7864	105
7865	49
7866	228
7867	99
7868	228
7869	678
7870	1174
7871	820
7872	69
7873	627
7874	602
7875	329
7876	1116
7877	545
7878	840
7879	22
7880	1258
7881	319
7882	8
7883	168
7884	869
7885	1179
7886	38
7887	459
7888	1923
7889	62
7890	95
7891	505
7892	960
7893	259
7894	2451
7895	1023
7896	849
7897	626
7898	493
7899	13
7900	656
7901	75
7902	1234
7903	445
7904	282
7905	28
7906	1538
7907	467
7908	503
7909	538
7910	91
7911	967
7912	578
7913	665
7914	94
7915	517
7916	1070
7917	362
7918	538
7919	326
7920	58
7921	1093
7922	542
7923	886
7924	576
7925	918
7926	521
7927	176
7928	112
7929	627
7930	635
7931	271
7932	94
7933	275
7934	213
7935	145
7936	48
7937	711
7938	9
7939	2108
7940	272
7941	367
7942	614
7943	875
7944	43
7945	268
7946	84
7947	202
7948	99
7949	60
7950	1206
7951	136
7952	34
7953	250
7954	733
7955	190
7956	345
7957	1389
7958	1054
7959	409
7960	540
7961	453
7962	96
7963	626
7964	63
7965	124
7966	396
7967	1703
7968	1724
7969	87
7970	85
7971	386
7972	15
7973	434
7974	707
7975	271
7976	391
7977	91
7978	1688
7979	573
7980	1368
7981	306
7982	818
7983	403
7984	1096
7985	756
7986	13
7987	487
7988	298
7989	268
7990	515
7991	441
7992	407
7993	654
7994	780
7995	319
7996	825
7997	188
7998	477
7999	394
8000	81
8001	515
8002	339
8003	626
8004	268
8005	121
8006	166
8007	278
8008	97
8009	350
8010	665
8011	110
8012	283
8013	273
8014	5
8015	595
8016	361
8017	593
8018	98
8019	186
8020	663
8021	1744
8022	132
8023	88
8024	588
8025	14
8026	698
8027	179
8028	1630
8029	1544
8030	214
8031	506
8032	16
8033	616
8034	475
8035	490
8036	148
8037	62
8038	117
8039	494
8040	177
8041	216
8042	606
8043	252
8044	572
8045	2687
8046	75
8047	40
8048	1965
8049	94
8050	224
8051	378
8052	671
8053	1104
8054	126
8055	176
8056	85
8057	163
8058	112
8059	782
8060	36
8061	339
8062	45
8063	764
8064	826
8065	15
8066	288
8067	894
8068	563
8069	711
8070	238
8071	64
8072	332
8073	697
8074	288
8075	58
8076	1239
8077	210
8078	100
8079	42
8080	871
8081	295
8082	1132
8083	158
8084	596
8085	196
8086	458
8087	765
8088	241
8089	1182
8090	758
8091	19
8092	257
8093	108
8094	551
8095	84
8096	933
8097	1091
8098	145
8099	945
8100	1542
8101	225
8102	783
8103	359
8104	2064
8105	61
8106	310
8107	570
8108	241
8109	805
8110	27
8111	110
8112	99
8113	1684
8114	157
8115	365
8116	305
8117	1660
8118	37
8119	35
8120	311
8121	487
8122	1749
8123	1271
8124	939
8125	832
8126	119
8127	671
8128	514
8129	135
8130	36
8131	909
8132	232
8133	329
8134	256
8135	704
8136	273
8137	554
8138	592
8139	129
8140	146
8141	252
8142	108
8143	964
8144	316
8145	749
8146	72
8147	388
8148	276
8149	1012
8150	259
8151	218
8152	1812
8153	119
8154	8
8155	778
8156	253
8157	933
8158	18
8159	252
8160	917
8161	50
8162	270
8163	196
8164	12
8165	737
8166	2171
8167	43
8168	73
8169	37
8170	574
8171	494
8172	99
8173	1050
8174	372
8175	290
8176	299
8177	1226
8178	561
8179	289
8180	81
8181	1313
8182	239
8183	820
8184	1016
8185	777
8186	47
8187	120
8188	795
8189	292
8190	180
8191	1478
8192	2373
8193	307
8194	119
8195	54
8196	67
8197	330
8198	694
8199	1196
8200	136
8201	517
8202	263
8203	72
8204	510
8205	20
8206	52
8207	39
8208	134
8209	93
8210	41
8211	398
8212	85
8213	391
8214	904
8215	1418
8216	321
8217	89
8218	540
8219	2229
8220	97
8221	640
8222	255
8223	44
8224	192
8225	20
8226	1470
8227	86
8228	353
8229	1120
8230	1903
8231	1191
8232	470
8233	572
8234	66
8235	1559
8236	82
8237	181
8238	1053
8239	362
8240	1230
8241	128
8242	38
8243	207
8244	139
8245	254
8246	120
8247	334
8248	611
8249	23
8250	740
8251	938
8252	590
8253	80
8254	1442
8255	394
8256	96
8257	49
8258	187
8259	623
8260	826
8261	553
8262	319
8263	312
8264	345
8265	220
8266	860
8267	31
8268	335
8269	71
8270	271
8271	286
8272	427
8273	1291
8274	18
8275	323
8276	81
8277	25
8278	923
8279	199
8280	553
8281	94
8282	346
8283	11
8284	1303
8285	365
8286	332
8287	525
8288	1438
8289	647
8290	110
8291	58
8292	434
8293	266
8294	198
8295	51
8296	620
8297	318
8298	167
8299	127
8300	551
8301	1396
8302	96
8303	425
8304	191
8305	130
8306	2131
8307	259
8308	354
8309	1030
8310	46
8311	771
8312	133
8313	229
8314	600
8315	169
8316	121
8317	570
8318	406
8319	12
8320	694
8321	632
8322	217
8323	919
8324	5
8325	1059
8326	76
8327	168
8328	15
8329	142
8330	83
8331	766
8332	532
8333	666
8334	44
8335	50
8336	393
8337	83
8338	11
8339	30
8340	1418
8341	30
8342	226
8343	926
8344	386
8345	490
8346	260
8347	97
8348	633
8349	996
8350	124
8351	41
8352	463
8353	531
8354	151
8355	64
8356	2617
8357	426
8358	63
8359	436
8360	243
8361	229
8362	31
8363	15
8364	630
8365	795
8366	1295
8367	36
8368	136
8369	457
8370	260
8371	127
8372	403
8373	252
8374	366
8375	497
8376	23
8377	180
8378	242
8379	837
8380	209
8381	20
8382	109
8383	262
8384	103
8385	77
8386	577
8387	513
8388	479
8389	237
8390	182
8391	153
8392	314
8393	130
8394	528
8395	618
8396	1341
8397	2008
8398	654
8399	13
8400	276
8401	317
8402	712
8403	957
8404	1112
8405	615
8406	552
8407	1666
8408	473
8409	421
8410	524
8411	17
8412	116
8413	221
8414	360
8415	197
8416	359
8417	363
8418	76
8419	401
8420	21
8421	460
8422	2337
8423	190
8424	203
8425	578
8426	76
8427	78
8428	203
8429	69
8430	1458
8431	1268
8432	63
8433	15
8434	504
8435	158
8436	89
8437	858
8438	568
8439	218
8440	2486
8441	486
8442	1834
8443	911
8444	100
8445	608
8446	91
8447	121
8448	166
8449	133
8450	28
8451	417
8452	376
8453	393
8454	445
8455	965
8456	147
8457	399
8458	361
8459	1557
8460	1759
8461	1025
8462	167
8463	447
8464	1302
8465	218
8466	817
8467	341
8468	133
8469	1026
8470	159
8471	115
8472	478
8473	672
8474	68
8475	429
8476	1053
8477	195
8478	243
8479	274
8480	1046
8481	150
8482	155
8483	547
8484	893
8485	240
8486	1003
8487	428
8488	302
8489	189
8490	1195
8491	28
8492	475
8493	42
8494	110
8495	130
8496	906
8497	303
8498	306
8499	575
8500	515
8501	273
8502	865
8503	71
8504	542
8505	99
8506	183
8507	338
8508	1772
8509	779
8510	259
8511	465
8512	41
8513	2051
8514	638
8515	1156
8516	524
8517	502
8518	404
8519	398
8520	3672
8521	630
8522	111
8523	844
8524	55
8525	1297
8526	190
8527	931
8528	82
8529	573
8530	54
8531	142
8532	188
8533	30
8534	843
8535	237
8536	75
8537	368
8538	369
8539	172
8540	171
8541	113
8542	948
8543	496
8544	547
8545	821
8546	435
8547	183
8548	559
8549	242
8550	1626
8551	238
8552	734
8553	76
8554	565
8555	938
8556	235
8557	229
8558	220
8559	2
8560	481
8561	544
8562	150
8563	1261
8564	274
8565	33
8566	700
8567	921
8568	156
8569	120
8570	427
8571	803
8572	666
8573	100
8574	388
8575	622
8576	196
8577	1135
8578	192
8579	52
8580	723
8581	72
8582	163
8583	350
8584	164
8585	347
8586	943
8587	144
8588	32
8589	860
8590	1493
8591	1217
8592	130
8593	433
8594	127
8595	137
8596	205
8597	799
8598	108
8599	373
8600	67
8601	159
8602	265
8603	42
8604	464
8605	1251
8606	786
8607	94
8608	192
8609	474
8610	1263
8611	32
8612	376
8613	140
8614	784
8615	410
8616	164
8617	19
8618	404
8619	610
8620	923
8621	640
8622	834
8623	1267
8624	217
8625	330
8626	585
8627	1160
8628	49
8629	233
8630	343
8631	46
8632	155
8633	17
8634	2087
8635	1306
8636	206
8637	205
8638	70
8639	344
8640	212
8641	915
8642	2093
8643	133
8644	768
8645	109
8646	1080
8647	171
8648	553
8649	153
8650	65
8651	572
8652	65
8653	1132
8654	421
8655	254
8656	31
8657	312
8658	689
8659	364
8660	534
8661	556
8662	390
8663	567
8664	176
8665	71
8666	17
8667	1153
8668	827
8669	286
8670	915
8671	517
8672	17
8673	640
8674	183
8675	37
8676	138
8677	835
8678	81
8679	80
8680	253
8681	379
8682	779
8683	743
8684	2465
8685	980
8686	393
8687	698
8688	490
8689	71
8690	1769
8691	756
8692	355
8693	54
8694	335
8695	531
8696	341
8697	892
8698	67
8699	337
8700	722
8701	335
8702	270
8703	1704
8704	224
8705	125
8706	1909
8707	854
8708	147
8709	170
8710	319
8711	224
8712	1326
8713	1372
8714	2627
8715	328
8716	296
8717	184
8718	56
8719	64
8720	1187
8721	911
8722	668
8723	1248
8724	42
8725	1629
8726	2269
8727	71
8728	574
8729	442
8730	54
8731	1830
8732	587
8733	607
8734	14
8735	141
8736	633
8737	70
8738	1575
8739	321
8740	128
8741	772
8742	56
8743	596
8744	300
8745	315
8746	193
8747	655
8748	56
8749	611
8750	271
8751	459
8752	749
8753	303
8754	212
8755	345
8756	294
8757	12
8758	193
8759	540
8760	798
8761	27
8762	211
8763	474
8764	47
8765	226
8766	1614
8767	243
8768	211
8769	239
8770	287
8771	26
8772	478
8773	60
8774	221
8775	154
8776	99
8777	392
8778	159
8779	231
8780	127
8781	53
8782	461
8783	90
8784	11
8785	778
8786	1402
8787	66
8788	128
8789	422
8790	66
8791	16
8792	416
8793	694
8794	26
8795	372
8796	954
8797	18
8798	75
8799	425
8800	337
8801	822
8802	111
8803	76
8804	1876
8805	199
8806	21
8807	61
8808	119
8809	133
8810	308
8811	232
8812	164
8813	395
8814	276
8815	71
8816	854
8817	138
8818	65
8819	393
8820	295
8821	17
8822	1021
8823	1642
8824	786
8825	314
8826	324
8827	225
8828	124
8829	1253
8830	26
8831	707
8832	451
8833	871
8834	171
8835	18
8836	684
8837	1534
8838	770
8839	98
8840	81
8841	38
8842	250
8843	223
8844	603
8845	361
8846	2
8847	816
8848	1223
8849	1593
8850	940
8851	23
8852	27
8853	618
8854	82
8855	548
8856	275
8857	70
8858	349
8859	882
8860	108
8861	224
8862	229
8863	185
8864	303
8865	101
8866	490
8867	509
8868	1553
8869	1956
8870	291
8871	590
8872	630
8873	255
8874	304
8875	84
8876	130
8877	2327
8878	490
8879	619
8880	213
8881	448
8882	501
8883	709
8884	169
8885	346
8886	948
8887	101
8888	1066
8889	404
8890	575
8891	1622
8892	292
8893	27
8894	303
8895	59
8896	65
8897	1160
8898	686
8899	642
8900	380
8901	372
8902	36
8903	32
8904	228
8905	53
8906	112
8907	848
8908	627
8909	438
8910	121
8911	1206
8912	13
8913	677
8914	19
8915	151
8916	92
8917	1267
8918	55
8919	102
8920	460
8921	509
8922	4
8923	32
8924	1133
8925	623
8926	299
8927	473
8928	555
8929	372
8930	555
8931	364
8932	575
8933	1086
8934	81
8935	105
8936	600
8937	721
8938	236
8939	176
8940	792
8941	147
8942	320
8943	149
8944	69
8945	950
8946	347
8947	76
8948	41
8949	2165
8950	1474
8951	429
8952	313
8953	624
8954	782
8955	88
8956	125
8957	81
8958	599
8959	309
8960	217
8961	95
8962	483
8963	436
8964	208
8965	450
8966	20
8967	57
8968	96
8969	159
8970	319
8971	416
8972	194
8973	144
8974	16
8975	155
8976	1109
8977	342
8978	54
8979	12
8980	743
8981	250
8982	519
8983	203
8984	232
8985	444
8986	76
8987	433
8988	557
8989	943
8990	476
8991	417
8992	693
8993	242
8994	498
8995	160
8996	122
8997	366
8998	86
8999	473
9000	285
9001	288
9002	342
9003	476
9004	141
9005	336
9006	614
9007	166
9008	795
9009	416
9010	384
9011	305
9012	77
9013	362
9014	1189
9015	26
9016	801
9017	1269
9018	887
9019	134
9020	127
9021	633
9022	316
9023	14
9024	810
9025	111
9026	525
9027	106
9028	591
9029	993
9030	289
9031	253
9032	418
9033	106
9034	19
9035	861
9036	139
9037	949
9038	292
9039	89
9040	312
9041	398
9042	617
9043	452
9044	206
9045	221
9046	717
9047	17
9048	24
9049	1654
9050	82
9051	52
9052	355
9053	200
9054	88
9055	13
9056	694
9057	118
9058	110
9059	232
9060	223
9061	197
9062	166
9063	737
9064	891
9065	393
9066	37
9067	16
9068	252
9069	171
9070	18
9071	21
9072	674
9073	924
9074	69
9075	306
9076	629
9077	1276
9078	935
9079	783
9080	364
9081	392
9082	1189
9083	679
9084	305
9085	1831
9086	337
9087	425
9088	218
9089	657
9090	168
9091	468
9092	805
9093	143
9094	390
9095	11
9096	719
9097	8
9098	2267
9099	699
9100	298
9101	681
9102	315
9103	664
9104	506
9105	13
9106	859
9107	556
9108	123
9109	114
9110	198
9111	754
9112	147
9113	1110
9114	287
9115	210
9116	529
9117	316
9118	327
9119	440
9120	395
9121	1292
9122	431
9123	1729
9124	478
9125	51
9126	238
9127	149
9128	1179
9129	1610
9130	664
9131	565
9132	658
9133	464
9134	134
9135	1011
9136	680
9137	294
9138	751
9139	224
9140	863
9141	409
9142	796
9143	132
9144	349
9145	727
9146	5
9147	735
9148	104
9149	29
9150	1040
9151	2545
9152	515
9153	14
9154	111
9155	334
9156	486
9157	364
9158	22
9159	238
9160	158
9161	250
9162	320
9163	849
9164	336
9165	197
9166	98
9167	17
9168	259
9169	1368
9170	90
9171	2824
9172	121
9173	260
9174	77
9175	756
9176	6
9177	464
9178	1731
9179	96
9180	361
9181	1040
9182	10
9183	1721
9184	113
9185	788
9186	1003
9187	667
9188	213
9189	278
9190	574
9191	132
9192	793
9193	356
9194	189
9195	120
9196	529
9197	257
9198	297
9199	1390
9200	568
9201	586
9202	2734
9203	808
9204	46
9205	2170
9206	117
9207	1244
9208	580
9209	1084
9210	19
9211	1013
9212	289
9213	1134
9214	36
9215	164
9216	364
9217	376
9218	185
9219	1442
9220	1297
9221	87
9222	809
9223	345
9224	948
9225	289
9226	1981
9227	1569
9228	401
9229	213
9230	1075
9231	337
9232	934
9233	1319
9234	308
9235	208
9236	1563
9237	585
9238	536
9239	352
9240	103
9241	251
9242	78
9243	479
9244	497
9245	154
9246	441
9247	2819
9248	83
9249	625
9250	924
9251	115
9252	120
9253	1325
9254	827
9255	29
9256	254
9257	150
9258	230
9259	203
9260	453
9261	570
9262	244
9263	205
9264	1454
9265	870
9266	205
9267	645
9268	42
9269	901
9270	576
9271	27
9272	578
9273	343
9274	25
9275	173
9276	729
9277	503
9278	55
9279	68
9280	240
9281	211
9282	37
9283	599
9284	1244
9285	291
9286	1842
9287	33
9288	889
9289	1789
9290	3336
9291	411
9292	84
9293	1388
9294	73
9295	548
9296	218
9297	77
9298	182
9299	9
9300	118
9301	114
9302	695
9303	1129
9304	945
9305	32
9306	306
9307	31
9308	653
9309	434
9310	284
9311	21
9312	58
9313	190
9314	501
9315	433
9316	90
9317	751
9318	225
9319	69
9320	215
9321	328
9322	87
9323	197
9324	157
9325	81
9326	24
9327	407
9328	1082
9329	154
9330	309
9331	55
9332	157
9333	515
9334	445
9335	411
9336	1328
9337	422
9338	2864
9339	198
9340	116
9341	282
9342	170
9343	717
9344	139
9345	534
9346	82
9347	356
9348	710
9349	15
9350	404
9351	290
9352	1146
9353	90
9354	93
9355	651
9356	180
9357	173
9358	38
9359	401
9360	291
9361	477
9362	464
9363	387
9364	623
9365	1388
9366	28
9367	812
9368	9
9369	87
9370	764
9371	313
9372	150
9373	1138
9374	261
9375	135
9376	137
9377	801
9378	157
9379	168
9380	745
9381	641
9382	973
9383	16
9384	283
9385	78
9386	367
9387	404
9388	248
9389	257
9390	973
9391	73
9392	1208
9393	435
9394	328
9395	397
9396	1061
9397	109
9398	777
9399	1085
9400	1309
9401	42
9402	486
9403	644
9404	292
9405	453
9406	510
9407	70
9408	1405
9409	540
9410	141
9411	155
9412	163
9413	1384
9414	15
9415	389
9416	869
9417	69
9418	1785
9419	92
9420	1115
9421	367
9422	1181
9423	1091
9424	351
9425	38
9426	289
9427	140
9428	1604
9429	333
9430	1068
9431	202
9432	331
9433	400
9434	425
9435	275
9436	132
9437	1748
9438	117
9439	357
9440	378
9441	257
9442	166
9443	583
9444	178
9445	86
9446	862
9447	538
9448	438
9449	377
9450	1023
9451	259
9452	217
9453	213
9454	189
9455	489
9456	133
9457	266
9458	632
9459	139
9460	48
9461	385
9462	370
9463	762
9464	86
9465	289
9466	376
9467	168
9468	645
9469	86
9470	18
9471	849
9472	66
9473	163
9474	1047
9475	34
9476	27
9477	408
9478	132
9479	125
9480	1322
9481	108
9482	892
9483	160
9484	166
9485	849
9486	945
9487	851
9488	40
9489	31
9490	115
9491	457
9492	680
9493	971
9494	153
9495	174
9496	38
9497	26
9498	777
9499	43
9500	662
9501	181
9502	246
9503	68
9504	95
9505	92
9506	913
9507	152
9508	301
9509	665
9510	225
9511	761
9512	13
9513	180
9514	325
9515	99
9516	666
9517	2175
9518	159
9519	25
9520	229
9521	236
9522	312
9523	267
9524	1754
9525	1564
9526	414
9527	164
9528	381
9529	263
9530	586
9531	1034
9532	159
9533	730
9534	305
9535	244
9536	213
9537	1030
9538	836
9539	800
9540	248
9541	160
9542	447
9543	13
9544	552
9545	243
9546	474
9547	350
9548	2117
9549	179
9550	242
9551	103
9552	451
9553	129
9554	157
9555	1070
9556	358
9557	397
9558	173
9559	812
9560	1745
9561	14
9562	242
9563	1185
9564	504
9565	384
9566	1181
9567	345
9568	2376
9569	138
9570	824
9571	64
9572	139
9573	639
9574	102
9575	294
9576	18
9577	106
9578	89
9579	92
9580	532
9581	322
9582	47
9583	832
9584	508
9585	572
9586	689
9587	324
9588	216
9589	21
9590	1014
9591	124
9592	8
9593	288
9594	49
9595	103
9596	36
9597	1452
9598	2256
9599	727
9600	68
9601	1129
9602	899
9603	346
9604	773
9605	29
9606	120
9607	346
9608	234
9609	1081
9610	35
9611	107
9612	24
9613	650
9614	858
9615	174
9616	404
9617	64
9618	6
9619	238
9620	29
9621	1339
9622	273
9623	1476
9624	2168
9625	83
9626	62
9627	49
9628	174
9629	485
9630	2008
9631	553
9632	688
9633	107
9634	604
9635	1089
9636	192
9637	338
9638	917
9639	495
9640	408
9641	1994
9642	860
9643	453
9644	158
9645	656
9646	573
9647	75
9648	31
9649	306
9650	232
9651	83
9652	628
9653	309
9654	648
9655	117
9656	850
9657	629
9658	471
9659	744
9660	1217
9661	461
9662	445
9663	534
9664	100
9665	67
9666	758
9667	522
9668	1870
9669	799
9670	414
9671	102
9672	30
9673	317
9674	783
9675	394
9676	277
9677	1222
9678	1463
9679	1233
9680	17
9681	786
9682	547
9683	1511
9684	580
9685	344
9686	381
9687	189
9688	442
9689	7
9690	196
9691	374
9692	275
9693	1400
9694	171
9695	246
9696	346
9697	1048
9698	69
9699	2540
9700	293
9701	83
9702	267
9703	106
9704	11
9705	956
9706	67
9707	132
9708	545
9709	503
9710	91
9711	1633
9712	387
9713	232
9714	138
9715	373
9716	1889
9717	156
9718	124
9719	21
9720	568
9721	639
9722	81
9723	35
9724	103
9725	200
9726	78
9727	1233
9728	912
9729	346
9730	99
9731	205
9732	293
9733	324
9734	467
9735	385
9736	364
9737	11
9738	1232
9739	386
9740	391
9741	227
9742	553
9743	810
9744	1025
9745	493
9746	141
9747	807
9748	1072
9749	207
9750	133
9751	216
9752	185
9753	530
9754	236
9755	668
9756	237
9757	162
9758	190
9759	239
9760	249
9761	649
9762	461
9763	1637
9764	424
9765	158
9766	679
9767	31
9768	209
9769	232
9770	739
9771	117
9772	145
9773	355
9774	1090
9775	815
9776	1894
9777	412
9778	288
9779	1102
9780	338
9781	344
9782	59
9783	1038
9784	77
9785	269
9786	439
9787	1219
9788	268
9789	214
9790	250
9791	129
9792	85
9793	258
9794	762
9795	774
9796	397
9797	249
9798	535
9799	945
9800	17
9801	867
9802	1396
9803	364
9804	674
9805	24
9806	387
9807	1095
9808	112
9809	1497
9810	460
9811	13
9812	71
9813	341
9814	302
9815	306
9816	335
9817	25
9818	532
9819	437
9820	345
9821	42
9822	884
9823	47
9824	291
9825	963
9826	942
9827	103
9828	675
9829	214
9830	99
9831	11
9832	1004
9833	1646
9834	668
9835	475
9836	359
9837	219
9838	874
9839	827
9840	152
9841	1230
9842	277
9843	34
9844	158
9845	334
9846	184
9847	297
9848	163
9849	107
9850	82
9851	383
9852	169
9853	319
9854	201
9855	596
9856	837
9857	1474
9858	1049
9859	97
9860	685
9861	982
9862	291
9863	331
9864	160
9865	78
9866	1140
9867	776
9868	239
9869	277
9870	623
9871	77
9872	515
9873	683
9874	43
9875	1662
9876	825
9877	1017
9878	673
9879	490
9880	86
9881	495
9882	360
9883	504
9884	304
9885	216
9886	140
9887	43
9888	7
9889	179
9890	171
9891	743
9892	25
9893	557
9894	330
9895	198
9896	678
9897	419
9898	449
9899	307
9900	154
9901	21
9902	10
9903	540
9904	334
9905	331
9906	621
9907	73
9908	377
9909	365
9910	318
9911	421
9912	87
9913	147
9914	2635
9915	141
9916	688
9917	25
9918	333
9919	533
9920	1172
9921	508
9922	302
9923	728
9924	525
9925	312
9926	220
9927	110
9928	835
9929	2
9930	274
9931	259
9932	363
9933	318
9934	107
9935	1017
9936	15
9937	261
9938	33
9939	368
9940	229
9941	630
9942	888
9943	399
9944	982
9945	19
9946	319
9947	468
9948	24
9949	237
9950	239
9951	558
9952	23
9953	193
9954	890
9955	180
9956	405
9957	255
9958	27
9959	434
9960	379
9961	190
9962	97
9963	260
9964	441
9965	752
9966	150
9967	853
9968	64
9969	222
9970	76
9971	180
9972	286
9973	385
9974	129
9975	1461
9976	348
9977	4
9978	912
9979	347
9980	225
9981	301
9982	668
9983	250
9984	366
9985	916
9986	153
9987	1023
9988	182
9989	376
9990	834
9991	164
9992	122
9993	629
9994	323
9995	648
9996	2097
9997	313
9998	316
9999	972
10000	273
10001	910
10002	74
10003	812
10004	1146
10005	9
10006	403
10007	999
10008	28
10009	342
10010	474
10011	82
10012	587
10013	281
10014	1108
10015	43
10016	804
10017	929
10018	872
10019	642
10020	757
10021	105
10022	753
10023	1155
10024	400
10025	457
10026	423
10027	307
10028	925
10029	477
10030	66
10031	413
10032	1160
10033	600
10034	12
10035	290
10036	655
10037	462
10038	28
10039	172
10040	372
10041	236
10042	318
10043	228
10044	340
10045	78
10046	945
10047	702
10048	20
10049	2247
10050	1268
10051	191
10052	82
10053	70
10054	908
10055	108
10056	211
10057	170
10058	887
10059	156
10060	1016
10061	812
10062	828
10063	480
10064	570
10065	377
10066	1012
10067	184
10068	141
10069	323
10070	157
10071	645
10072	2
10073	553
10074	102
10075	47
10076	743
10077	768
10078	485
10079	6
10080	11
10081	378
10082	550
10083	195
10084	19
10085	1750
10086	489
10087	5
10088	1616
10089	194
10090	811
10091	84
10092	15
10093	79
10094	289
10095	298
10096	180
10097	59
10098	469
10099	949
10100	26
10101	690
10102	249
10103	165
10104	678
10105	263
10106	520
10107	66
10108	298
10109	1305
10110	210
10111	108
10112	321
10113	257
10114	291
10115	445
10116	591
10117	297
10118	457
10119	463
10120	166
10121	338
10122	1104
10123	326
10124	131
10125	62
10126	681
10127	100
10128	57
10129	34
10130	1010
10131	621
10132	459
10133	1952
10134	151
10135	65
10136	176
10137	411
10138	143
10139	391
10140	45
10141	296
10142	35
10143	132
10144	152
10145	61
10146	115
10147	12
10148	219
10149	128
10150	229
10151	1656
10152	274
10153	91
10154	477
10155	35
10156	476
10157	62
10158	24
10159	166
10160	63
10161	152
10162	502
10163	195
10164	722
10165	960
10166	191
10167	281
10168	230
10169	1138
10170	637
10171	249
10172	601
10173	7
10174	451
10175	921
10176	147
10177	6
10178	167
10179	412
10180	173
10181	195
10182	220
10183	757
10184	1066
10185	412
10186	22
10187	348
10188	107
10189	239
10190	34
10191	63
10192	30
10193	479
10194	138
10195	732
10196	5
10197	175
10198	208
10199	298
10200	1651
10201	290
10202	724
10203	301
10204	72
10205	519
10206	146
10207	418
10208	56
10209	781
10210	42
10211	760
10212	663
10213	86
10214	352
10215	477
10216	725
10217	102
10218	1429
10219	87
10220	830
10221	74
10222	113
10223	822
10224	408
10225	1176
10226	103
10227	608
10228	233
10229	34
10230	220
10231	29
10232	845
10233	1185
10234	299
10235	143
10236	91
10237	634
10238	516
10239	38
10240	1393
10241	146
10242	194
10243	1250
10244	102
10245	479
10246	801
10247	581
10248	26
10249	269
10250	669
10251	216
10252	58
10253	179
10254	135
10255	222
10256	157
10257	814
10258	361
10259	795
10260	954
10261	7
10262	1541
10263	361
10264	48
10265	376
10266	121
10267	496
10268	376
10269	85
10270	919
10271	499
10272	752
10273	658
10274	480
10275	276
10276	379
10277	485
10278	615
10279	401
10280	2211
10281	378
10282	124
10283	336
10284	195
10285	1412
10286	11
10287	542
10288	568
10289	602
10290	66
10291	23
10292	1048
10293	27
10294	212
10295	35
10296	623
10297	632
10298	783
10299	1830
10300	47
10301	194
10302	231
10303	1074
10304	186
10305	130
10306	159
10307	243
10308	412
10309	1166
10310	807
10311	125
10312	262
10313	176
10314	349
10315	529
10316	83
10317	880
10318	2145
10319	618
10320	743
10321	1540
10322	144
10323	534
10324	54
10325	26
10326	69
10327	550
10328	321
10329	62
10330	136
10331	829
10332	284
10333	506
10334	31
10335	164
10336	593
10337	23
10338	330
10339	531
10340	634
10341	523
10342	481
10343	2172
10344	636
10345	421
10346	1143
10347	608
10348	817
10349	21
10350	831
10351	136
10352	2042
10353	44
10354	480
10355	258
10356	1387
10357	539
10358	185
10359	158
10360	180
10361	120
10362	256
10363	30
10364	245
10365	211
10366	1660
10367	42
10368	679
10369	11
10370	213
10371	3142
10372	584
10373	746
10374	362
10375	438
10376	47
10377	198
10378	144
10379	112
10380	480
10381	369
10382	220
10383	470
10384	855
10385	1078
10386	541
10387	568
10388	211
10389	343
10390	250
10391	201
10392	325
10393	26
10394	509
10395	839
10396	405
10397	614
10398	194
10399	330
10400	1428
10401	799
10402	113
10403	374
10404	241
10405	94
10406	874
10407	905
10408	918
10409	263
10410	484
10411	828
10412	269
10413	481
10414	491
10415	373
10416	17
10417	270
10418	587
10419	547
10420	53
10421	1349
10422	301
10423	88
10424	2560
10425	113
10426	140
10427	89
10428	584
10429	263
10430	634
10431	237
10432	49
10433	33
10434	18
10435	131
10436	616
10437	91
10438	103
10439	248
10440	514
10441	135
10442	122
10443	654
10444	1341
10445	370
10446	697
10447	35
10448	2270
10449	54
10450	3087
10451	127
10452	481
10453	96
10454	522
10455	1216
10456	253
10457	486
10458	942
10459	667
10460	805
10461	452
10462	575
10463	51
10464	78
10465	257
10466	407
10467	187
10468	320
10469	538
10470	1263
10471	3
10472	471
10473	882
10474	24
10475	933
10476	739
10477	443
10478	641
10479	139
10480	216
10481	249
10482	383
10483	40
10484	279
10485	1127
10486	378
10487	375
10488	234
10489	492
10490	873
10491	1415
10492	99
10493	180
10494	845
10495	380
10496	4
10497	146
10498	232
10499	210
10500	58
10501	1059
10502	351
10503	80
10504	6
10505	550
10506	71
10507	91
10508	663
10509	1110
10510	340
10511	477
10512	251
10513	399
10514	137
10515	976
10516	216
10517	34
10518	415
10519	841
10520	371
10521	81
10522	359
10523	134
10524	23
10525	1713
10526	855
10527	222
10528	94
10529	1008
10530	214
10531	816
10532	38
10533	108
10534	522
10535	33
10536	135
10537	60
10538	758
10539	640
10540	91
10541	714
10542	831
10543	257
10544	212
10545	318
10546	907
10547	290
10548	431
10549	191
10550	72
10551	227
10552	579
10553	737
10554	52
10555	515
10556	376
10557	475
10558	305
10559	526
10560	282
10561	51
10562	376
10563	672
10564	106
10565	324
10566	61
10567	192
10568	1357
10569	18
10570	1132
10571	293
10572	29
10573	150
10574	35
10575	209
10576	87
10577	705
10578	164
10579	2102
10580	31
10581	27
10582	122
10583	394
10584	717
10585	442
10586	311
10587	909
10588	29
10589	327
10590	305
10591	507
10592	81
10593	185
10594	631
10595	835
10596	225
10597	246
10598	52
10599	326
10600	60
10601	796
10602	482
10603	320
10604	187
10605	173
10606	381
10607	339
10608	567
10609	294
10610	675
10611	622
10612	36
10613	2116
10614	972
10615	78
10616	444
10617	165
10618	899
10619	649
10620	346
10621	361
10622	1672
10623	1317
10624	1373
10625	548
10626	1036
10627	1567
10628	321
10629	243
10630	413
10631	203
10632	28
10633	295
10634	47
10635	215
10636	54
10637	587
10638	124
10639	6
10640	897
10641	847
10642	10
10643	879
10644	429
10645	794
10646	54
10647	275
10648	211
10649	350
10650	893
10651	1400
10652	1309
10653	287
10654	985
10655	151
10656	2309
10657	540
10658	102
10659	48
10660	142
10661	424
10662	77
10663	326
10664	18
10665	42
10666	60
10667	99
10668	354
10669	209
10670	1477
10671	589
10672	183
10673	789
10674	508
10675	954
10676	13
10677	79
10678	334
10679	158
10680	392
10681	1098
10682	490
10683	442
10684	345
10685	209
10686	58
10687	38
10688	16
10689	109
10690	518
10691	25
10692	279
10693	9
10694	271
10695	258
10696	228
10697	416
10698	213
10699	542
10700	84
10701	234
10702	225
10703	679
10704	147
10705	217
10706	203
10707	533
10708	688
10709	467
10710	59
10711	1837
10712	190
10713	292
10714	90
10715	331
10716	389
10717	53
10718	517
10719	130
10720	731
10721	134
10722	218
10723	49
10724	476
10725	939
10726	905
10727	23
10728	900
10729	652
10730	910
10731	248
10732	1311
10733	613
10734	562
10735	663
10736	57
10737	108
10738	350
10739	10
10740	753
10741	406
10742	10
10743	901
