Game Nr	Game Score
1	16
7247	28
7248	14
7249	11
7250	6
7251	1
7252	3
7253	5
2	4
7254	26
7255	4
7256	9
7257	3
7258	40
7259	9
7260	36
7261	3
7262	13
7263	24
7264	0
7265	8
3	19
7266	1
7267	2
7268	8
7269	3
7270	4
7271	19
7272	4
7273	14
7274	16
7275	3
7276	1
4	9
7277	7
7278	7
7279	2
7280	6
7281	22
7282	14
7283	3
7284	10
7285	20
7286	3
7287	11
7288	12
7289	8
7290	1
7291	6
7292	1
7293	8
7294	3
7295	17
5	30
7296	6
7297	1
7298	14
7299	4
7300	3
7301	7
7302	1
7303	18
7304	8
7305	3
7306	3
7307	7
7308	1
6	10
7309	4
7310	10
7311	6
7312	8
7313	1
7314	14
7315	2
7316	1
7317	6
7318	5
7319	12
7320	4
7321	6
7322	7
7323	9
7324	12
7325	8
7326	9
7327	4
7328	1
7329	10
7330	3
7331	4
7332	19
7333	4
7334	15
7335	10
7336	15
7337	15
7338	18
7339	18
7340	6
7341	3
7342	2
7343	14
7344	0
7345	0
7346	6
7347	6
7348	3
7349	2
7350	7
7351	4
7352	12
7353	7
7354	8
7355	7
7356	16
7357	11
7358	1
7359	1
7360	2
7361	4
7362	3
7363	8
7364	7
7365	7
7366	7
7367	3
7368	2
7369	5
7370	2
7371	5
7372	4
7373	8
7374	4
7375	9
7376	3
7377	2
7378	6
7379	9
7380	8
7381	4
7382	2
7383	6
7384	11
7385	0
7386	1
7387	15
7388	15
7389	5
7390	21
7391	4
7392	6
7393	8
7394	9
7395	7
7396	0
7397	7
7398	6
7399	9
7400	7
7401	4
7402	24
7403	14
7404	4
7405	0
7406	3
7407	4
7408	28
7409	7
7410	5
7411	1
7412	7
7413	8
7414	11
7415	15
7416	3
7417	11
7418	9
7419	3
7420	2
7421	24
7422	9
7423	6
7424	3
7425	3
7426	2
7427	21
7428	5
7429	12
7430	2
7431	9
7432	14
7433	14
7434	1
7435	5
7436	6
7437	10
7438	10
7439	3
7440	11
7441	6
7442	14
7443	3
7444	2
7445	16
7446	20
7447	14
7448	1
7449	15
7450	11
7451	2
7452	5
7453	7
7454	13
7455	1
7456	2
7457	12
7458	4
7459	6
7460	15
7461	3
7462	14
7463	5
7464	29
7465	24
7466	7
7467	12
7468	3
7469	10
7470	16
7471	4
7472	16
7473	7
7474	15
7475	21
7476	8
7477	1
7478	2
7479	2
7480	4
7481	4
7482	3
7483	14
7484	5
7485	3
7486	16
7487	15
7488	5
7489	3
7490	6
7491	8
7492	3
7493	2
7494	13
7495	2
7496	5
7497	24
7498	34
7499	4
7500	7
7501	10
7502	2
7503	13
7504	26
7505	5
7506	8
7507	5
7508	19
7509	3
7510	0
7511	9
7512	8
7513	27
7514	20
7515	9
7516	2
7517	5
7518	9
7519	12
7520	6
7521	2
7522	4
7523	2
7524	1
7525	13
7526	6
7527	5
7528	3
7529	3
7530	0
7531	7
7532	2
7533	5
7534	3
7535	36
7536	9
7537	1
7538	2
7539	18
7540	15
7541	5
7542	1
7543	3
7544	6
7545	1
7546	12
7547	7
7548	9
7549	12
7550	4
7551	8
7552	9
7553	4
7554	20
7555	13
7556	9
7557	22
7558	10
7559	0
7560	10
7561	23
7562	5
7563	3
7564	13
7565	10
7566	5
7567	4
7568	7
7569	4
7570	3
7571	9
7572	3
7573	6
7574	3
7575	8
7576	1
7577	0
7578	8
7579	8
7580	11
7581	6
7582	35
7583	1
7584	20
7585	9
7586	10
7587	10
7588	15
7589	6
7590	0
7591	18
7592	6
7593	8
7594	0
7595	29
7596	19
7597	10
7598	7
7599	8
7600	7
7601	2
7602	21
7603	3
7604	12
7605	23
7606	8
7607	8
7608	7
7609	23
7610	20
7611	3
7612	3
7613	1
7614	10
7615	4
7616	4
7617	15
7618	4
7619	10
7620	24
7621	9
7622	5
7623	20
7624	14
7625	23
7626	3
7627	13
7628	11
7629	6
7630	7
7631	3
7632	5
7633	2
7634	12
7635	19
7636	4
7637	7
7638	3
7639	0
7640	0
7641	2
7642	10
7643	1
7644	1
7645	8
7646	6
7647	9
7648	3
7649	6
7650	2
7651	14
7652	14
7653	6
7654	21
7655	1
7656	1
7657	1
7658	6
7659	12
7660	3
7661	8
7662	6
7663	0
7664	1
7665	3
7666	4
7667	14
7668	8
7669	1
7670	3
7671	1
7672	13
7673	3
7674	13
7675	7
7676	12
7677	1
7678	1
7679	0
7680	6
7681	6
7682	1
7683	43
7684	7
7685	3
7686	3
7687	2
7688	9
7689	2
7690	4
7691	21
7692	6
7693	26
7694	8
7695	4
7696	2
7697	12
7698	3
7699	8
7700	30
7701	16
7702	6
7703	28
7704	29
7705	4
7706	1
7707	13
7708	16
7709	10
7710	10
7711	9
7712	4
7713	5
7714	8
7715	22
7716	0
7717	9
7718	4
7719	5
7720	4
7721	6
7722	4
7723	13
7724	22
7725	3
7726	17
7727	2
7728	1
7729	12
7730	5
7731	1
7732	0
7733	6
7734	3
7735	3
7736	12
7737	9
7738	3
7739	31
7740	10
7741	5
7742	4
7743	13
7744	2
7745	1
7746	7
7747	2
7748	10
7749	2
7750	12
7751	1
7752	6
7753	4
7754	17
7755	15
7756	2
7757	21
7758	25
7759	1
7760	10
7761	8
7762	19
7763	10
7764	5
7765	3
7766	6
7767	2
7768	2
7769	2
7770	5
7771	20
7772	25
7773	7
7774	3
7775	9
7776	1
7777	4
7778	8
7779	4
7780	12
7781	4
7782	4
7783	16
7784	10
7785	4
7786	2
7787	17
7788	7
7789	14
7790	23
7791	16
7792	3
7793	8
7794	11
7795	7
7796	2
7797	9
7798	30
7799	9
7800	4
7801	13
7802	13
7803	4
7804	3
7805	19
7806	18
7807	13
7808	1
7809	18
7810	6
7811	4
7812	8
7813	3
7814	10
7815	7
7816	4
7817	2
7818	6
7819	9
7820	4
7821	8
7822	0
7823	5
7824	12
7825	11
7826	1
7827	6
7828	16
7829	2
7830	6
7831	15
7832	2
7833	29
7834	6
7835	10
7836	3
7837	18
7838	3
7839	5
7840	12
7841	1
7842	32
7843	26
7844	5
7845	7
7846	6
7847	4
7848	6
7849	4
7850	2
7851	10
7852	6
7853	7
7854	28
7855	18
7856	7
7857	3
7858	10
7859	3
7860	0
7861	2
7862	28
7863	6
7864	17
7865	3
7866	3
7867	2
7868	1
7869	13
7870	8
7871	12
7872	5
7873	6
7874	16
7875	24
7876	2
7877	6
7878	14
7879	3
7880	3
7881	3
7882	11
7883	0
7884	27
7885	23
7886	2
7887	9
7888	10
7889	4
7890	4
7891	4
7892	10
7893	12
7894	10
7895	10
7896	15
7897	1
7898	10
7899	9
7900	18
7901	12
7902	25
7903	16
7904	5
7905	7
7906	10
7907	11
7908	26
7909	5
7910	5
7911	2
7912	11
7913	14
7914	20
7915	3
7916	7
7917	30
7918	32
7919	4
7920	1
7921	3
7922	17
7923	1
7924	7
7925	23
7926	2
7927	12
7928	0
7929	4
7930	19
7931	15
7932	6
7933	2
7934	2
7935	6
7936	4
7937	1
7938	0
7939	13
7940	6
7941	11
7942	28
7943	21
7944	5
7945	2
7946	7
7947	2
7948	9
7949	3
7950	1
7951	10
7952	3
7953	5
7954	7
7955	27
7956	7
7957	9
7958	0
7959	7
7960	2
7961	4
7962	23
7963	6
7964	8
7965	3
7966	5
7967	11
7968	7
7969	1
7970	17
7971	6
7972	2
7973	3
7974	26
7975	4
7976	10
7977	10
7978	18
7979	15
7980	7
7981	13
7982	9
7983	7
7984	4
7985	28
7986	18
7987	5
7988	4
7989	6
7990	16
7991	4
7992	3
7993	6
7994	6
7995	3
7996	6
7997	14
7998	5
7999	3
8000	1
8001	5
8002	8
8003	0
8004	19
8005	1
8006	7
8007	9
8008	5
8009	1
8010	6
8011	1
8012	10
8013	15
8014	16
8015	5
8016	24
8017	15
8018	4
8019	5
8020	14
8021	6
8022	8
8023	1
8024	5
8025	6
8026	6
8027	3
8028	9
8029	4
8030	22
8031	6
8032	9
8033	3
8034	0
8035	7
8036	9
8037	1
8038	5
8039	22
8040	10
8041	31
8042	19
8043	3
8044	0
8045	17
8046	24
8047	3
8048	7
8049	2
8050	4
8051	1
8052	6
8053	1
8054	0
8055	3
8056	8
8057	26
8058	0
8059	11
8060	1
8061	14
8062	3
8063	7
8064	15
8065	2
8066	8
8067	4
8068	7
8069	1
8070	11
8071	3
8072	10
8073	7
8074	1
8075	2
8076	39
8077	3
8078	14
8079	21
8080	20
8081	3
8082	2
8083	9
8084	4
8085	11
8086	4
8087	10
8088	6
8089	16
8090	27
8091	4
8092	4
8093	4
8094	2
8095	2
8096	2
8097	11
8098	2
8099	17
8100	5
8101	1
8102	9
8103	20
8104	6
8105	26
8106	6
8107	10
8108	9
8109	4
8110	4
8111	2
8112	17
8113	22
8114	1
8115	26
8116	10
8117	19
8118	3
8119	18
8120	4
8121	15
8122	18
8123	2
8124	5
8125	3
8126	7
8127	6
8128	5
8129	11
8130	3
8131	23
8132	2
8133	1
8134	1
8135	6
8136	6
8137	1
8138	9
8139	18
8140	1
8141	4
8142	9
8143	7
8144	13
8145	3
8146	5
8147	16
8148	11
8149	26
8150	1
8151	9
8152	22
8153	3
8154	6
8155	8
8156	19
8157	21
8158	5
8159	0
8160	4
8161	4
8162	11
8163	11
8164	20
8165	1
8166	3
8167	0
8168	3
8169	6
8170	4
8171	21
8172	17
8173	34
8174	1
8175	8
8176	2
8177	9
8178	3
8179	2
8180	4
8181	0
8182	2
8183	7
8184	9
8185	2
8186	2
8187	3
8188	12
8189	5
8190	17
8191	12
8192	5
8193	0
8194	4
8195	4
8196	5
8197	0
8198	12
8199	12
8200	15
8201	18
8202	8
8203	2
8204	6
8205	30
8206	9
8207	9
8208	1
8209	10
8210	16
8211	35
8212	0
8213	14
8214	4
8215	6
8216	4
8217	8
8218	7
8219	43
8220	0
8221	6
8222	2
8223	9
8224	1
8225	0
8226	2
8227	5
8228	8
8229	1
8230	5
8231	2
8232	3
8233	5
8234	1
8235	1
8236	1
8237	0
8238	3
8239	3
8240	3
8241	4
8242	6
8243	6
8244	1
8245	2
8246	5
8247	12
8248	2
8249	12
8250	8
8251	10
8252	4
8253	17
8254	6
8255	3
8256	2
8257	2
8258	0
8259	2
8260	5
8261	7
8262	14
8263	15
8264	9
8265	21
8266	4
8267	25
8268	1
8269	3
8270	5
8271	5
8272	4
8273	3
8274	4
8275	5
8276	7
8277	7
8278	5
8279	4
8280	2
8281	10
8282	5
8283	3
8284	5
8285	27
8286	2
8287	8
8288	8
8289	4
8290	15
8291	42
8292	14
8293	4
8294	20
8295	8
8296	13
8297	15
8298	13
8299	18
8300	2
8301	2
8302	20
8303	3
8304	16
8305	13
8306	4
8307	1
8308	8
8309	9
8310	2
8311	3
8312	8
8313	10
8314	10
8315	22
8316	12
8317	2
8318	8
8319	4
8320	5
8321	19
8322	32
8323	8
8324	17
8325	5
8326	4
8327	28
8328	8
8329	5
8330	21
8331	3
8332	21
8333	8
8334	1
8335	8
8336	4
8337	1
8338	11
8339	4
8340	25
8341	24
8342	6
8343	3
8344	1
8345	2
8346	24
8347	4
8348	1
8349	4
8350	32
8351	6
8352	4
8353	20
8354	8
8355	3
8356	9
8357	3
8358	10
8359	6
8360	2
8361	18
8362	2
8363	5
8364	22
8365	18
8366	1
8367	6
8368	20
8369	6
8370	5
8371	8
8372	6
8373	2
8374	12
8375	11
8376	1
8377	2
8378	3
8379	14
8380	3
8381	10
8382	3
8383	3
8384	10
8385	3
8386	3
8387	13
8388	3
8389	16
8390	8
8391	19
8392	6
8393	6
8394	7
8395	4
8396	13
8397	4
8398	2
8399	7
8400	8
8401	19
8402	2
8403	3
8404	3
8405	27
8406	33
8407	7
8408	0
8409	14
8410	4
8411	5
8412	5
8413	11
8414	10
8415	9
8416	3
8417	16
8418	20
8419	15
8420	10
8421	0
8422	2
8423	8
8424	6
8425	1
8426	2
8427	13
8428	11
8429	12
8430	1
8431	21
8432	0
8433	1
8434	5
8435	26
8436	12
8437	2
8438	4
8439	5
8440	4
8441	10
8442	4
8443	10
8444	2
8445	5
8446	5
8447	19
8448	5
8449	1
8450	18
8451	16
8452	9
8453	4
8454	7
8455	0
8456	5
8457	9
8458	8
8459	20
8460	35
8461	6
8462	23
8463	1
8464	1
8465	3
8466	2
8467	4
8468	9
8469	5
8470	9
8471	2
8472	10
8473	5
8474	18
8475	13
8476	10
8477	13
8478	9
8479	1
8480	15
8481	8
8482	6
8483	14
8484	11
8485	11
8486	3
8487	8
8488	15
8489	5
8490	2
8491	12
8492	8
8493	15
8494	3
8495	31
8496	1
8497	3
8498	26
8499	1
8500	3
8501	2
8502	9
8503	6
8504	5
8505	5
8506	1
8507	8
8508	2
8509	3
8510	25
8511	5
8512	6
8513	10
8514	22
8515	7
8516	29
8517	14
8518	23
8519	9
8520	9
8521	5
8522	3
8523	3
8524	10
8525	13
8526	3
8527	12
8528	3
8529	3
8530	7
8531	9
8532	8
8533	4
8534	12
8535	20
8536	11
8537	4
8538	14
8539	1
8540	7
8541	8
8542	5
8543	4
8544	4
8545	4
8546	3
8547	1
8548	11
8549	15
8550	1
8551	19
8552	4
8553	4
8554	10
8555	3
8556	6
8557	13
8558	1
8559	27
8560	10
8561	6
8562	24
8563	16
8564	2
8565	6
8566	24
8567	8
8568	0
8569	9
8570	9
8571	11
8572	7
8573	1
8574	7
8575	1
8576	6
8577	0
8578	27
8579	6
8580	3
8581	2
8582	17
8583	0
8584	6
8585	7
8586	2
8587	3
8588	6
8589	9
8590	13
8591	5
8592	7
8593	3
8594	9
8595	6
8596	13
8597	2
8598	20
8599	15
8600	3
8601	10
8602	5
8603	4
8604	6
8605	1
8606	0
8607	7
8608	1
8609	3
8610	9
8611	0
8612	7
8613	7
8614	12
8615	4
8616	4
8617	1
8618	8
8619	4
8620	13
8621	3
8622	0
8623	10
8624	13
8625	2
8626	4
8627	5
8628	4
8629	1
8630	4
8631	14
8632	3
8633	13
8634	0
8635	5
8636	15
8637	6
8638	1
8639	10
8640	10
8641	2
8642	19
8643	16
8644	6
8645	4
8646	45
8647	2
8648	6
8649	12
8650	5
8651	21
8652	9
8653	3
8654	7
8655	5
8656	4
8657	5
8658	16
8659	9
8660	7
8661	1
8662	13
8663	18
8664	0
8665	8
8666	4
8667	3
8668	13
8669	11
8670	1
8671	4
8672	7
8673	3
8674	1
8675	2
8676	1
8677	26
8678	6
8679	10
8680	3
8681	0
8682	13
8683	9
8684	0
8685	7
8686	11
8687	6
8688	4
8689	2
8690	4
8691	3
8692	2
8693	5
8694	7
8695	2
8696	7
8697	3
8698	8
8699	6
8700	14
8701	3
8702	3
8703	0
8704	3
8705	10
8706	1
8707	13
8708	3
8709	5
8710	2
8711	33
8712	16
8713	6
8714	14
8715	16
8716	5
8717	7
8718	1
8719	1
8720	7
8721	5
8722	2
8723	2
8724	1
8725	2
8726	1
8727	6
8728	12
8729	2
8730	3
8731	14
8732	12
8733	1
8734	3
8735	2
8736	16
8737	3
8738	1
8739	2
8740	5
8741	4
8742	1
8743	7
8744	21
8745	12
8746	39
8747	10
8748	12
8749	5
8750	8
8751	9
8752	3
8753	8
8754	6
8755	5
8756	10
8757	2
8758	30
8759	4
8760	13
8761	17
8762	1
8763	6
8764	20
8765	3
8766	9
8767	3
8768	1
8769	1
8770	21
8771	4
8772	6
8773	8
8774	10
8775	3
8776	13
8777	0
8778	2
8779	10
8780	1
8781	7
8782	7
8783	7
8784	16
8785	3
8786	16
8787	20
8788	4
8789	27
8790	6
8791	3
8792	5
8793	10
8794	10
8795	10
8796	4
8797	12
8798	5
8799	18
8800	1
8801	21
8802	12
8803	9
8804	2
8805	2
8806	2
8807	9
8808	4
8809	9
8810	6
8811	3
8812	0
8813	11
8814	11
8815	3
8816	5
8817	6
8818	1
8819	12
8820	1
8821	3
8822	3
8823	6
8824	5
8825	11
8826	3
8827	2
8828	5
8829	12
8830	10
8831	4
8832	5
8833	3
8834	13
8835	1
8836	3
8837	12
8838	5
8839	13
8840	3
8841	12
8842	17
8843	7
8844	13
8845	6
8846	12
8847	12
8848	12
8849	1
8850	11
8851	8
8852	12
8853	25
8854	3
8855	5
8856	2
8857	0
8858	9
8859	2
8860	24
8861	4
8862	1
8863	9
8864	11
8865	3
8866	19
8867	3
8868	8
8869	1
8870	8
8871	12
8872	9
8873	11
8874	12
8875	1
8876	7
8877	6
8878	0
8879	4
8880	5
8881	4
8882	3
8883	13
8884	29
8885	6
8886	5
8887	5
8888	14
8889	8
8890	4
8891	9
8892	1
8893	39
8894	1
8895	6
8896	7
8897	11
8898	5
8899	6
8900	9
8901	8
8902	6
8903	6
8904	8
8905	9
8906	7
8907	1
8908	2
8909	8
8910	6
8911	6
8912	9
8913	12
8914	6
8915	20
8916	4
8917	3
8918	7
8919	11
8920	3
8921	7
8922	8
8923	5
8924	5
8925	55
8926	5
8927	5
8928	3
8929	6
8930	6
8931	19
8932	5
8933	2
8934	8
8935	9
8936	20
8937	4
8938	3
8939	0
8940	10
8941	13
8942	6
8943	3
8944	17
8945	12
8946	0
8947	13
8948	2
8949	4
8950	4
8951	11
8952	6
8953	1
8954	3
8955	2
8956	9
8957	3
8958	5
8959	6
8960	54
8961	21
8962	5
8963	28
8964	2
8965	20
8966	6
8967	7
8968	3
8969	0
8970	24
8971	6
8972	4
8973	0
8974	10
8975	10
8976	5
8977	11
8978	7
8979	8
8980	15
8981	2
8982	6
8983	5
8984	28
8985	26
8986	5
8987	6
8988	9
8989	23
8990	3
8991	1
8992	16
8993	9
8994	11
8995	30
8996	20
8997	3
8998	9
8999	21
9000	3
9001	4
9002	18
9003	19
9004	7
9005	3
9006	18
9007	17
9008	21
9009	10
9010	3
9011	1
9012	8
9013	8
9014	5
9015	9
9016	9
9017	1
9018	5
9019	6
9020	3
9021	46
9022	27
9023	0
9024	4
9025	9
9026	2
9027	5
9028	14
9029	7
9030	1
9031	14
9032	12
9033	1
9034	1
9035	8
9036	5
9037	19
9038	0
9039	12
9040	3
9041	4
9042	7
9043	9
9044	1
9045	0
9046	7
9047	5
9048	23
9049	12
9050	4
9051	4
9052	7
9053	1
9054	7
9055	10
9056	2
9057	0
9058	3
9059	1
9060	18
9061	3
9062	12
9063	11
9064	7
9065	4
9066	2
9067	3
9068	1
9069	30
9070	28
9071	15
9072	27
9073	4
9074	10
9075	5
9076	7
9077	24
9078	4
9079	4
9080	10
9081	25
9082	15
9083	1
9084	21
9085	3
9086	12
9087	12
9088	1
9089	1
9090	5
9091	20
9092	14
9093	4
9094	7
9095	8
9096	5
9097	8
9098	12
9099	9
9100	1
9101	8
9102	4
9103	17
9104	2
9105	11
9106	8
9107	3
9108	6
9109	22
9110	7
9111	2
9112	14
9113	7
9114	7
9115	20
9116	10
9117	10
9118	5
9119	16
9120	4
9121	3
9122	39
9123	15
9124	0
9125	3
9126	9
9127	12
9128	3
9129	5
9130	7
9131	11
9132	11
9133	1
9134	2
9135	2
9136	8
9137	1
9138	0
9139	25
9140	17
9141	14
9142	19
9143	15
9144	1
9145	15
9146	2
9147	3
9148	7
9149	17
9150	0
9151	11
9152	37
9153	6
9154	1
9155	0
9156	4
9157	10
9158	1
9159	4
9160	11
9161	1
9162	8
9163	4
9164	23
9165	22
9166	6
9167	11
9168	3
9169	8
9170	10
9171	7
9172	4
9173	6
9174	27
9175	8
9176	13
9177	13
9178	6
9179	10
9180	2
9181	3
9182	12
9183	22
9184	8
9185	2
9186	4
9187	1
9188	7
9189	34
9190	4
9191	7
9192	14
9193	10
9194	4
9195	3
9196	2
9197	11
9198	4
9199	6
9200	7
9201	5
9202	16
9203	7
9204	4
9205	4
9206	25
9207	3
9208	5
9209	6
9210	1
9211	20
9212	21
9213	23
9214	18
9215	16
9216	8
9217	5
9218	5
9219	10
9220	7
9221	5
9222	10
9223	10
9224	5
9225	8
9226	1
9227	1
9228	3
9229	2
9230	16
9231	15
9232	8
9233	6
9234	8
9235	1
9236	4
9237	1
9238	18
9239	6
9240	5
9241	6
9242	5
9243	1
9244	10
9245	28
9246	7
9247	2
9248	4
9249	15
9250	19
9251	5
9252	2
9253	5
9254	3
9255	6
9256	0
9257	4
9258	7
9259	8
9260	2
9261	2
9262	5
9263	19
9264	2
9265	22
9266	3
9267	14
9268	5
9269	5
9270	4
9271	20
9272	9
9273	4
9274	1
9275	2
9276	4
9277	0
9278	5
9279	3
9280	2
9281	3
9282	3
9283	28
9284	3
9285	1
9286	11
9287	1
9288	4
9289	8
9290	0
9291	5
9292	7
9293	4
9294	7
9295	2
9296	2
9297	5
9298	8
9299	10
9300	13
9301	3
9302	5
9303	16
9304	6
9305	4
9306	3
9307	12
9308	10
9309	1
9310	11
9311	9
9312	7
9313	14
9314	4
9315	19
9316	3
9317	4
9318	0
9319	29
9320	9
9321	5
9322	3
9323	8
9324	34
9325	7
9326	1
9327	5
9328	8
9329	5
9330	6
9331	60
9332	2
9333	2
9334	17
9335	2
9336	4
9337	10
9338	2
9339	5
9340	9
9341	1
9342	4
9343	5
9344	4
9345	5
9346	9
9347	9
9348	2
9349	1
9350	5
9351	16
9352	3
9353	9
9354	20
9355	1
9356	23
9357	1
9358	18
9359	4
9360	18
9361	13
9362	1
9363	17
9364	2
9365	14
9366	1
9367	8
9368	2
9369	31
9370	15
9371	14
9372	2
9373	7
9374	3
9375	12
9376	7
9377	3
9378	8
9379	4
9380	0
9381	5
9382	8
9383	11
9384	1
9385	1
9386	23
9387	4
9388	1
9389	3
9390	18
9391	3
9392	19
9393	31
9394	4
9395	11
9396	11
9397	20
9398	30
9399	10
9400	6
9401	3
9402	5
9403	2
9404	2
9405	16
9406	5
9407	2
9408	2
9409	6
9410	10
9411	7
9412	4
9413	7
9414	5
9415	9
9416	4
9417	14
9418	1
9419	8
9420	6
9421	4
9422	5
9423	5
9424	8
9425	8
9426	18
9427	8
9428	15
9429	8
9430	3
9431	4
9432	1
9433	2
9434	5
9435	9
9436	2
9437	18
9438	18
9439	8
9440	17
9441	16
9442	7
9443	0
9444	10
9445	5
9446	6
9447	4
9448	1
9449	4
9450	12
9451	9
9452	1
9453	7
9454	9
9455	2
9456	10
9457	11
9458	0
9459	0
9460	23
9461	15
9462	5
9463	2
9464	12
9465	10
9466	3
9467	3
9468	3
9469	11
9470	2
9471	7
9472	5
9473	13
9474	3
9475	7
9476	2
9477	0
9478	5
9479	11
9480	9
9481	25
9482	11
9483	2
9484	11
9485	4
9486	2
9487	4
9488	2
9489	3
9490	12
9491	17
9492	4
9493	5
9494	20
9495	8
9496	8
9497	2
9498	6
9499	8
9500	9
9501	8
9502	1
9503	11
9504	53
9505	4
9506	1
9507	6
9508	4
9509	44
9510	3
9511	4
9512	73
9513	6
9514	6
9515	7
9516	37
9517	5
9518	3
9519	16
9520	25
9521	4
9522	13
9523	15
9524	11
9525	3
9526	25
9527	7
9528	13
9529	4
9530	1
9531	6
9532	2
9533	9
9534	3
9535	4
9536	11
9537	11
9538	22
9539	10
9540	23
9541	11
9542	8
9543	12
9544	1
9545	11
9546	41
9547	30
9548	11
9549	20
9550	5
9551	12
9552	4
9553	7
9554	3
9555	7
9556	19
9557	5
9558	33
9559	8
9560	16
9561	35
9562	12
9563	5
9564	6
9565	6
9566	3
9567	3
9568	13
9569	32
9570	17
9571	3
9572	14
9573	13
9574	3
9575	12
9576	15
9577	13
9578	4
9579	1
9580	6
9581	2
9582	4
9583	36
9584	17
9585	0
9586	3
9587	1
9588	24
9589	5
9590	5
9591	17
9592	2
9593	16
9594	6
9595	15
9596	15
9597	0
9598	14
9599	9
9600	7
9601	7
9602	21
9603	9
9604	2
9605	12
9606	32
9607	6
9608	7
9609	11
9610	11
9611	2
9612	18
9613	12
9614	20
9615	10
9616	2
9617	7
9618	23
9619	2
9620	14
9621	55
9622	1
9623	10
9624	9
9625	11
9626	5
9627	5
9628	6
9629	17
9630	0
9631	2
9632	4
9633	12
9634	3
9635	5
9636	12
9637	4
9638	0
9639	8
9640	0
9641	24
9642	11
9643	5
9644	13
9645	10
9646	1
9647	39
9648	1
9649	7
9650	10
9651	8
9652	41
9653	8
9654	8
9655	5
9656	10
9657	2
9658	23
9659	15
9660	22
9661	30
9662	6
9663	5
9664	6
9665	11
9666	19
9667	7
9668	3
9669	26
9670	7
9671	12
9672	19
9673	1
9674	3
9675	24
9676	1
9677	18
9678	3
9679	9
9680	4
9681	12
9682	2
9683	15
9684	13
9685	7
9686	5
9687	4
9688	3
9689	6
9690	2
9691	4
9692	2
9693	3
9694	4
9695	6
9696	4
9697	41
9698	5
9699	14
9700	5
9701	17
9702	6
9703	2
9704	9
9705	1
9706	6
9707	19
9708	2
9709	6
9710	4
9711	17
9712	4
9713	2
9714	3
9715	5
9716	8
9717	2
9718	14
9719	4
9720	12
9721	10
9722	1
9723	7
9724	8
9725	1
9726	10
9727	14
9728	2
9729	25
9730	6
9731	5
9732	7
9733	1
9734	1
9735	0
9736	3
9737	9
9738	4
9739	29
9740	4
9741	11
9742	1
9743	7
9744	10
9745	1
9746	8
9747	1
9748	4
9749	3
9750	2
9751	2
9752	5
9753	1
9754	14
9755	6
9756	12
9757	9
9758	19
9759	3
9760	1
9761	2
9762	2
9763	6
9764	4
9765	2
9766	17
9767	9
9768	42
9769	15
9770	10
9771	20
9772	15
9773	2
9774	14
9775	22
9776	4
9777	3
9778	5
9779	3
9780	25
9781	7
9782	0
9783	5
9784	11
9785	7
9786	10
9787	1
9788	3
9789	6
9790	2
9791	2
9792	13
9793	1
9794	13
9795	5
9796	13
9797	6
9798	0
9799	14
9800	7
9801	2
9802	1
9803	14
9804	9
9805	2
9806	14
9807	25
9808	15
9809	9
9810	2
9811	6
9812	7
9813	9
9814	10
9815	17
9816	6
9817	28
9818	17
9819	21
9820	9
9821	16
9822	10
9823	5
9824	0
9825	3
9826	11
9827	17
9828	7
9829	7
9830	2
9831	5
9832	10
9833	5
9834	1
9835	7
9836	8
9837	2
9838	10
9839	4
9840	4
9841	4
9842	0
9843	8
9844	0
9845	5
9846	5
9847	15
9848	6
9849	1
9850	9
9851	2
9852	1
9853	5
9854	7
9855	7
9856	15
9857	4
9858	2
9859	3
9860	0
9861	9
9862	5
9863	10
9864	1
9865	16
9866	8
9867	4
9868	2
9869	20
9870	13
9871	25
9872	5
9873	31
9874	2
9875	7
9876	27
9877	2
9878	1
9879	2
9880	10
9881	0
9882	2
9883	4
9884	3
9885	10
9886	25
9887	10
9888	7
9889	2
9890	12
9891	7
9892	7
9893	5
9894	1
9895	27
9896	2
9897	6
9898	19
9899	0
9900	0
9901	2
9902	14
9903	5
9904	7
9905	8
9906	8
9907	4
9908	15
9909	5
9910	33
9911	13
9912	17
9913	3
9914	11
9915	0
9916	2
9917	4
9918	5
9919	8
9920	4
9921	4
9922	9
9923	11
9924	12
9925	19
9926	22
9927	6
9928	6
9929	5
9930	3
9931	9
9932	14
9933	10
9934	20
9935	1
9936	16
9937	8
9938	1
9939	13
9940	0
9941	22
9942	3
9943	7
9944	9
9945	31
9946	7
9947	11
9948	24
9949	18
9950	30
9951	9
9952	6
9953	14
9954	17
9955	22
9956	4
9957	5
9958	0
9959	12
9960	11
9961	25
9962	7
9963	11
9964	4
9965	4
9966	7
9967	5
9968	8
9969	15
9970	49
9971	21
9972	3
9973	9
9974	2
9975	3
9976	2
9977	19
9978	1
9979	4
9980	18
9981	3
9982	5
9983	6
9984	7
9985	8
9986	3
9987	19
9988	3
9989	27
9990	27
9991	1
9992	7
9993	6
9994	1
9995	28
9996	5
9997	7
9998	3
9999	2
10000	2
10001	7
10002	0
10003	1
10004	5
10005	1
10006	17
10007	14
10008	3
10009	26
10010	13
10011	6
10012	7
10013	2
10014	4
10015	4
10016	5
10017	12
10018	10
10019	9
10020	6
10021	13
10022	6
10023	5
10024	2
10025	11
10026	7
10027	2
10028	23
10029	9
10030	16
10031	22
10032	5
10033	6
10034	6
10035	2
10036	24
10037	8
10038	8
10039	16
10040	6
10041	6
10042	6
10043	11
10044	4
10045	1
10046	2
10047	3
10048	6
10049	12
10050	4
10051	5
10052	3
10053	3
10054	8
10055	9
10056	8
10057	1
10058	6
10059	2
10060	37
10061	6
10062	3
10063	6
10064	0
10065	4
10066	6
10067	5
10068	6
10069	2
10070	4
10071	1
10072	2
10073	50
10074	6
10075	6
10076	8
10077	24
10078	15
10079	30
10080	17
10081	43
10082	8
10083	20
10084	5
10085	2
10086	10
10087	4
10088	5
10089	9
10090	11
10091	3
10092	0
10093	22
10094	0
10095	6
10096	4
10097	1
10098	9
10099	15
10100	12
10101	5
10102	9
10103	22
10104	8
10105	25
10106	11
10107	7
10108	4
10109	19
10110	36
10111	11
10112	6
10113	5
10114	10
10115	5
10116	9
10117	8
10118	21
10119	3
10120	1
10121	4
10122	4
10123	13
10124	25
10125	12
10126	4
10127	2
10128	6
10129	9
10130	1
10131	3
10132	25
10133	1
10134	0
10135	16
10136	4
10137	22
10138	1
10139	9
10140	14
10141	5
10142	23
10143	0
10144	30
10145	5
10146	23
10147	35
10148	1
10149	4
10150	17
10151	8
10152	12
10153	11
10154	2
10155	3
10156	7
10157	8
10158	9
10159	23
10160	8
10161	29
10162	9
10163	10
10164	9
10165	12
10166	12
10167	4
10168	14
10169	4
10170	8
10171	31
10172	7
10173	2
10174	7
10175	36
10176	22
10177	26
10178	9
10179	12
10180	3
10181	31
10182	5
10183	6
10184	5
10185	9
10186	5
10187	14
10188	6
10189	1
10190	8
10191	8
10192	15
10193	8
10194	30
10195	19
10196	6
10197	12
10198	14
10199	4
10200	17
10201	1
10202	9
10203	5
10204	2
10205	8
10206	23
10207	27
10208	47
10209	5
10210	6
10211	17
10212	8
10213	12
10214	5
10215	26
10216	9
10217	1
10218	8
10219	2
10220	1
10221	4
10222	1
10223	4
10224	8
10225	41
10226	11
10227	26
10228	4
10229	19
10230	5
10231	3
10232	16
10233	8
10234	8
10235	10
10236	6
10237	0
10238	8
10239	1
10240	23
10241	20
10242	10
10243	36
10244	15
10245	6
10246	6
10247	11
10248	11
10249	4
10250	11
10251	13
10252	9
10253	6
10254	6
10255	2
10256	20
10257	6
10258	4
10259	2
10260	19
10261	22
10262	1
10263	25
10264	8
10265	7
10266	6
10267	5
10268	10
10269	4
10270	16
10271	32
10272	17
10273	32
10274	5
10275	13
10276	2
10277	2
10278	5
10279	22
10280	10
10281	32
10282	7
10283	6
10284	3
10285	13
10286	19
10287	3
10288	12
10289	2
10290	21
10291	4
10292	1
10293	14
10294	11
10295	0
10296	13
10297	1
10298	1
10299	6
10300	12
10301	4
10302	3
10303	14
10304	21
10305	13
10306	7
10307	5
10308	20
10309	13
10310	4
10311	6
10312	5
10313	5
10314	8
10315	1
10316	2
10317	5
10318	50
10319	18
10320	14
10321	6
10322	20
10323	10
10324	12
10325	17
10326	23
10327	8
10328	6
10329	13
10330	9
10331	15
10332	2
10333	3
10334	1
10335	2
10336	5
10337	17
10338	6
10339	6
10340	6
10341	2
10342	9
10343	20
10344	7
10345	6
10346	25
10347	4
10348	2
10349	31
10350	16
10351	12
10352	14
10353	16
10354	5
10355	42
10356	22
10357	6
10358	6
10359	12
10360	5
10361	6
10362	2
10363	6
10364	5
10365	30
10366	10
10367	14
10368	2
10369	13
10370	2
10371	2
10372	8
10373	7
10374	3
10375	14
10376	2
10377	9
10378	24
10379	7
10380	6
10381	1
10382	3
10383	7
10384	7
10385	19
10386	3
10387	18
10388	7
10389	8
10390	2
10391	8
10392	9
10393	4
10394	3
10395	7
10396	4
10397	24
10398	18
10399	5
10400	3
10401	12
10402	7
10403	18
10404	13
10405	5
10406	3
10407	6
10408	20
10409	8
10410	15
10411	4
10412	5
10413	8
10414	11
10415	1
10416	22
10417	10
10418	9
10419	3
10420	0
10421	4
10422	0
10423	18
10424	7
10425	7
10426	6
10427	0
10428	26
10429	27
10430	14
10431	7
10432	9
10433	10
10434	10
10435	1
10436	6
10437	6
10438	8
10439	20
10440	13
10441	5
10442	3
10443	9
10444	21
10445	2
10446	12
10447	5
10448	3
10449	7
10450	3
10451	9
10452	2
10453	20
10454	48
10455	23
10456	23
10457	33
10458	5
10459	14
10460	24
10461	8
10462	1
10463	6
10464	4
10465	10
10466	36
10467	13
10468	4
10469	2
10470	4
10471	3
10472	9
10473	3
10474	10
10475	6
10476	20
10477	1
10478	3
10479	4
10480	1
10481	13
10482	8
10483	11
10484	11
10485	6
10486	5
10487	3
10488	9
10489	5
10490	7
10491	1
10492	14
10493	20
10494	4
10495	9
10496	6
10497	2
10498	3
10499	2
10500	1
10501	25
10502	9
10503	24
10504	41
10505	8
10506	9
10507	8
10508	4
10509	5
10510	14
10511	7
10512	14
10513	9
10514	18
10515	27
10516	16
10517	1
10518	4
10519	4
10520	9
10521	3
10522	13
10523	13
10524	8
10525	9
10526	1
10527	6
10528	5
10529	7
10530	7
10531	22
10532	0
10533	13
10534	13
10535	11
10536	3
10537	3
10538	22
10539	14
10540	13
10541	13
10542	5
10543	2
10544	12
10545	25
10546	10
10547	1
10548	3
10549	1
10550	14
10551	16
10552	4
10553	6
10554	9
10555	1
10556	11
10557	0
10558	35
10559	20
10560	0
10561	8
10562	5
10563	5
10564	3
10565	18
10566	10
10567	10
10568	16
10569	8
10570	2
10571	14
10572	5
10573	13
10574	6
10575	6
10576	18
10577	1
10578	0
10579	13
10580	16
10581	7
10582	0
10583	23
10584	5
10585	41
10586	14
10587	12
10588	5
10589	8
10590	5
10591	8
10592	23
10593	2
10594	8
10595	5
10596	3
10597	4
10598	2
10599	3
10600	18
10601	7
10602	3
10603	10
10604	16
10605	29
10606	7
10607	17
10608	3
10609	6
10610	26
10611	17
10612	0
10613	5
10614	2
10615	27
10616	2
10617	4
10618	6
10619	2
10620	7
10621	4
10622	4
10623	13
10624	1
10625	19
10626	14
10627	8
10628	21
10629	2
10630	7
10631	2
10632	4
10633	20
10634	8
10635	11
10636	15
10637	23
10638	4
10639	4
10640	1
10641	3
10642	1
10643	7
10644	19
10645	5
10646	0
10647	31
10648	12
10649	8
10650	48
10651	42
10652	9
10653	7
10654	2
10655	8
10656	47
10657	17
10658	4
10659	4
10660	5
10661	17
10662	11
10663	11
10664	4
10665	2
10666	4
10667	5
10668	4
10669	11
10670	4
10671	11
10672	15
10673	2
10674	18
10675	1
10676	1
10677	12
10678	2
10679	24
10680	7
10681	8
10682	0
10683	1
10684	6
10685	9
10686	53
10687	2
10688	8
10689	10
10690	7
10691	7
10692	3
10693	14
10694	9
10695	4
10696	1
10697	4
10698	2
10699	4
10700	6
10701	2
10702	2
10703	2
10704	11
10705	30
10706	3
10707	1
10708	13
10709	6
10710	24
10711	6
10712	11
10713	5
10714	6
10715	2
10716	13
10717	8
10718	13
10719	16
10720	5
10721	4
10722	14
10723	11
10724	3
10725	6
10726	27
10727	3
10728	18
10729	12
10730	6
10731	9
10732	6
10733	13
10734	9
10735	2
10736	6
10737	7
10738	2
10739	4
10740	2
10741	5
10742	6
10743	20
10744	22
10745	2
10746	12
10747	4
10748	10
10749	5
10750	2
10751	4
10752	3
10753	9
10754	3
10755	16
10756	7
10757	3
10758	3
10759	6
10760	10
10761	7
10762	2
10763	4
10764	13
10765	10
10766	1
10767	12
10768	9
10769	27
10770	8
10771	32
10772	5
10773	8
10774	8
10775	8
10776	12
10777	0
10778	13
10779	3
10780	3
10781	20
10782	14
10783	12
10784	9
10785	14
10786	8
10787	27
10788	30
10789	11
10790	24
10791	16
10792	3
10793	0
10794	7
10795	1
10796	10
10797	15
10798	29
10799	3
10800	4
10801	2
10802	7
10803	35
10804	28
10805	2
10806	21
10807	11
10808	2
10809	39
10810	1
10811	27
10812	13
10813	3
10814	5
10815	4
10816	5
10817	3
10818	13
10819	4
10820	15
10821	7
10822	11
10823	15
10824	46
10825	11
10826	12
10827	10
10828	11
10829	3
10830	12
10831	15
10832	11
10833	8
10834	7
10835	0
10836	15
10837	8
10838	9
10839	15
10840	11
10841	5
10842	3
10843	5
10844	15
10845	0
10846	15
10847	5
10848	3
10849	8
10850	11
10851	14
10852	5
10853	26
10854	10
10855	16
10856	10
10857	4
10858	18
10859	5
10860	4
10861	5
10862	1
10863	20
10864	6
10865	15
10866	1
10867	2
10868	4
10869	1
10870	20
10871	10
10872	11
10873	5
10874	5
10875	22
10876	2
10877	0
10878	11
10879	9
10880	5
10881	17
10882	10
10883	18
10884	4
10885	10
10886	4
10887	10
10888	0
10889	7
10890	1
10891	5
10892	25
10893	5
10894	22
10895	5
10896	11
10897	3
10898	0
10899	14
10900	8
10901	0
10902	7
10903	1
10904	14
10905	6
10906	19
10907	3
10908	13
10909	17
10910	14
10911	11
10912	4
10913	3
10914	1
10915	16
10916	3
10917	4
10918	5
10919	21
10920	9
10921	0
10922	5
10923	14
10924	14
10925	15
10926	5
10927	10
10928	24
10929	6
10930	13
10931	57
10932	1
10933	22
10934	46
10935	7
10936	8
10937	0
10938	5
10939	15
10940	0
10941	8
10942	2
10943	15
10944	3
10945	17
10946	4
10947	11
10948	19
10949	3
10950	14
10951	1
10952	1
10953	6
10954	7
10955	6
10956	38
10957	27
10958	2
10959	11
10960	0
10961	10
10962	8
10963	3
10964	5
10965	15
10966	9
10967	3
10968	6
10969	4
10970	8
10971	4
10972	21
10973	18
10974	6
10975	12
10976	18
10977	3
10978	41
10979	4
10980	9
10981	3
10982	36
10983	7
10984	3
10985	0
10986	3
10987	6
10988	23
10989	15
10990	2
10991	7
10992	16
10993	23
10994	6
10995	8
10996	7
10997	7
10998	13
10999	51
11000	4
11001	4
11002	13
11003	5
11004	24
11005	21
11006	7
11007	7
11008	3
11009	10
11010	6
11011	16
11012	41
11013	18
11014	2
11015	9
11016	55
11017	2
11018	25
11019	3
11020	7
11021	21
11022	13
11023	10
11024	16
11025	7
11026	10
11027	8
11028	5
11029	4
11030	3
11031	5
11032	19
11033	14
11034	8
11035	2
11036	6
11037	3
11038	6
11039	7
11040	20
11041	25
11042	3
11043	34
11044	1
11045	20
11046	8
11047	10
11048	4
11049	17
11050	3
11051	12
11052	4
11053	11
11054	2
11055	4
11056	1
11057	0
11058	9
11059	7
11060	1
11061	20
11062	6
11063	22
11064	25
11065	10
11066	15
11067	66
11068	12
11069	1
11070	2
11071	37
11072	1
11073	1
11074	13
11075	6
11076	0
11077	3
11078	4
11079	8
11080	6
11081	16
11082	36
11083	18
11084	8
11085	13
11086	1
11087	11
11088	4
11089	12
11090	19
11091	3
11092	2
11093	11
11094	14
11095	2
11096	8
11097	2
11098	4
11099	3
11100	6
11101	5
11102	8
11103	7
11104	20
11105	14
11106	10
11107	2
11108	8
11109	3
11110	13
11111	1
11112	5
11113	3
11114	17
11115	7
11116	3
11117	28
11118	3
11119	28
11120	22
11121	1
11122	4
11123	10
11124	17
11125	8
11126	2
11127	9
11128	3
11129	11
11130	4
11131	21
11132	1
11133	3
11134	5
11135	18
11136	13
11137	2
11138	7
11139	12
11140	1
11141	10
11142	14
11143	7
11144	14
11145	5
11146	2
11147	0
11148	5
11149	3
11150	40
11151	6
11152	2
11153	7
11154	16
11155	4
11156	24
11157	2
11158	9
11159	8
11160	9
11161	11
11162	3
11163	9
11164	5
11165	8
11166	1
11167	5
11168	11
11169	6
11170	7
11171	12
11172	0
11173	16
11174	5
11175	1
11176	16
11177	4
11178	3
11179	0
11180	4
11181	7
11182	5
11183	0
11184	14
11185	11
11186	7
11187	56
11188	2
11189	18
11190	1
11191	6
11192	16
11193	13
11194	6
11195	7
11196	56
11197	1
11198	4
11199	29
11200	2
11201	6
11202	44
11203	0
11204	2
11205	11
11206	13
11207	10
11208	9
11209	8
11210	30
11211	4
11212	6
11213	7
11214	34
11215	0
11216	2
11217	6
11218	1
11219	3
11220	3
11221	4
11222	37
11223	6
11224	9
11225	6
11226	5
11227	30
11228	11
11229	18
11230	1
11231	9
11232	12
11233	4
11234	2
11235	4
11236	16
11237	1
11238	3
11239	2
11240	5
11241	9
11242	4
11243	30
11244	31
11245	34
11246	25
11247	6
11248	0
11249	5
11250	7
11251	20
11252	12
11253	8
11254	23
11255	13
11256	2
11257	35
11258	5
11259	10
11260	12
11261	11
11262	5
11263	4
11264	16
11265	3
11266	10
11267	10
11268	22
11269	1
11270	2
11271	20
11272	2
11273	5
11274	9
11275	4
11276	4
11277	13
11278	30
11279	38
11280	20
11281	19
11282	33
11283	10
11284	2
11285	4
11286	5
11287	0
11288	12
11289	6
11290	15
11291	5
11292	12
11293	34
11294	10
11295	13
11296	16
11297	5
11298	5
11299	13
11300	24
11301	16
11302	20
11303	24
11304	8
11305	18
11306	46
11307	1
11308	3
11309	8
11310	7
11311	14
11312	1
11313	18
11314	21
11315	4
11316	9
11317	21
11318	6
11319	8
11320	5
11321	10
11322	18
11323	8
11324	13
11325	13
11326	9
11327	11
11328	3
11329	9
11330	43
11331	3
11332	0
11333	3
11334	17
11335	6
11336	7
11337	3
11338	4
11339	15
11340	4
11341	22
11342	10
11343	14
11344	38
11345	15
11346	14
11347	10
11348	27
11349	12
11350	9
11351	1
11352	16
11353	12
11354	5
11355	30
11356	6
11357	1
11358	34
11359	2
11360	10
11361	14
11362	6
11363	24
11364	26
11365	41
11366	22
11367	22
11368	8
11369	23
11370	12
11371	3
11372	9
11373	5
11374	3
11375	4
11376	18
11377	8
11378	11
11379	1
11380	3
11381	18
11382	19
11383	8
11384	7
11385	6
11386	5
11387	5
11388	7
11389	2
11390	19
11391	3
11392	1
11393	15
11394	6
11395	35
11396	4
11397	19
11398	8
11399	11
11400	11
11401	28
11402	11
11403	14
11404	30
11405	8
11406	7
11407	5
11408	1
11409	9
11410	9
11411	4
11412	11
11413	17
11414	9
11415	8
11416	24
11417	15
11418	3
11419	22
11420	5
11421	2
11422	27
11423	29
11424	9
11425	4
11426	9
11427	11
11428	22
11429	7
11430	2
11431	4
11432	3
11433	2
11434	7
11435	19
11436	0
11437	2
11438	9
11439	24
11440	8
11441	7
11442	5
11443	5
11444	7
11445	10
11446	8
11447	9
11448	11
11449	7
11450	8
11451	4
11452	8
11453	8
11454	21
11455	10
11456	27
11457	0
11458	10
11459	14
11460	13
11461	6
11462	18
11463	3
11464	12
11465	31
11466	11
11467	22
11468	9
11469	26
11470	25
11471	9
11472	23
11473	8
11474	20
11475	7
11476	36
11477	12
11478	6
11479	2
11480	6
11481	12
11482	8
11483	14
11484	13
11485	15
11486	41
11487	12
11488	7
11489	30
11490	3
11491	8
11492	3
11493	4
11494	4
11495	8
11496	12
11497	2
11498	4
11499	6
11500	3
11501	8
11502	10
11503	10
11504	12
11505	12
11506	10
11507	13
11508	25
11509	4
11510	1
11511	13
11512	1
11513	3
11514	5
11515	4
11516	8
11517	21
11518	2
11519	7
11520	9
11521	5
11522	12
11523	4
11524	16
11525	3
11526	4
11527	1
11528	8
11529	18
11530	4
11531	7
11532	15
11533	1
11534	0
11535	6
11536	23
11537	5
11538	10
11539	3
11540	4
11541	11
11542	16
11543	3
11544	4
11545	3
11546	8
11547	3
11548	68
11549	3
11550	23
11551	16
11552	5
11553	4
11554	6
11555	2
11556	6
11557	7
11558	9
11559	4
11560	6
11561	6
11562	9
11563	8
11564	16
11565	16
11566	4
11567	8
11568	13
11569	35
11570	2
11571	1
11572	3
11573	5
11574	2
11575	2
11576	5
11577	5
11578	5
11579	9
11580	9
11581	7
11582	27
11583	1
11584	34
11585	4
11586	6
11587	8
11588	2
11589	6
11590	21
11591	10
11592	15
11593	10
11594	22
11595	43
11596	27
11597	2
11598	3
11599	3
11600	28
11601	16
11602	9
11603	11
11604	2
11605	5
11606	27
11607	17
11608	11
11609	4
11610	18
11611	6
11612	7
11613	25
11614	3
11615	19
11616	10
11617	6
11618	32
11619	2
11620	6
11621	2
11622	20
11623	2
11624	27
11625	7
11626	20
11627	16
11628	5
11629	31
11630	6
11631	10
11632	18
11633	6
11634	9
11635	19
11636	12
11637	2
11638	10
11639	11
11640	13
11641	4
11642	0
11643	8
11644	6
11645	12
11646	26
11647	37
11648	6
11649	26
11650	48
11651	5
11652	2
11653	6
11654	8
11655	3
11656	28
11657	4
11658	9
11659	20
11660	0
11661	3
11662	3
11663	3
11664	6
11665	2
11666	10
11667	4
11668	8
11669	18
11670	2
11671	4
11672	12
11673	13
11674	1
11675	9
11676	4
11677	2
11678	5
11679	11
11680	14
11681	16
11682	14
11683	22
11684	5
11685	2
11686	10
11687	12
11688	4
11689	12
11690	21
11691	14
11692	11
11693	20
11694	3
11695	22
11696	7
11697	8
11698	7
11699	8
11700	13
11701	2
11702	5
11703	19
11704	12
11705	4
11706	18
11707	1
11708	9
11709	6
11710	10
11711	13
11712	19
11713	11
11714	20
11715	13
11716	12
11717	0
11718	2
11719	4
11720	3
11721	8
11722	10
11723	6
11724	2
11725	8
11726	9
11727	19
11728	7
11729	7
11730	0
11731	8
11732	9
11733	1
11734	3
11735	8
11736	2
11737	9
11738	8
11739	8
11740	7
11741	2
11742	6
11743	9
11744	18
11745	7
11746	12
11747	5
11748	4
11749	7
11750	4
11751	6
11752	3
11753	4
11754	5
11755	28
11756	8
11757	8
11758	4
11759	4
11760	8
11761	5
11762	17
11763	4
11764	25
11765	2
11766	4
11767	12
11768	16
11769	7
11770	9
11771	1
11772	17
11773	13
11774	15
11775	11
11776	7
11777	9
11778	23
11779	11
11780	3
11781	9
11782	5
11783	8
11784	28
11785	7
11786	4
11787	18
11788	24
11789	16
11790	23
11791	3
11792	5
11793	5
11794	8
11795	7
11796	3
11797	1
11798	11
11799	2
11800	4
11801	16
11802	2
11803	19
11804	15
11805	12
11806	17
11807	1
11808	4
11809	5
11810	2
11811	5
11812	8
11813	13
11814	8
11815	29
11816	19
11817	6
11818	20
11819	34
11820	12
11821	4
11822	7
11823	20
11824	13
11825	2
11826	6
11827	10
11828	2
11829	10
11830	13
11831	37
11832	11
11833	13
11834	26
11835	2
11836	9
11837	3
11838	13
11839	35
11840	0
11841	1
11842	11
11843	12
11844	11
11845	8
11846	15
11847	15
11848	5
11849	2
11850	2
11851	3
11852	9
11853	8
11854	22
11855	0
11856	4
11857	9
11858	7
11859	21
11860	2
11861	9
11862	7
11863	1
11864	1
11865	8
11866	8
11867	7
11868	9
11869	21
11870	4
11871	10
11872	7
11873	21
11874	4
11875	2
11876	1
11877	3
11878	2
11879	1
11880	22
11881	7
11882	10
11883	2
11884	11
11885	10
11886	14
11887	3
11888	6
11889	7
11890	19
11891	5
11892	2
11893	70
11894	4
11895	4
11896	8
11897	7
11898	17
11899	24
11900	15
11901	12
11902	13
11903	9
11904	10
11905	9
11906	1
11907	9
11908	4
11909	18
11910	5
11911	7
11912	6
11913	5
11914	0
11915	8
11916	6
11917	12
11918	2
11919	3
11920	1
11921	1
11922	8
11923	34
11924	7
11925	7
11926	17
11927	2
11928	33
11929	20
11930	26
11931	26
11932	7
11933	7
11934	8
11935	9
11936	5
11937	21
11938	11
11939	4
11940	11
11941	10
11942	20
11943	17
11944	16
11945	14
11946	3
11947	1
11948	4
11949	10
11950	6
11951	4
11952	9
11953	7
11954	3
11955	15
11956	28
11957	6
11958	5
11959	3
11960	10
11961	13
11962	12
11963	18
11964	7
11965	6
11966	4
11967	13
11968	3
11969	2
11970	8
11971	19
11972	7
11973	4
11974	3
11975	0
11976	11
11977	5
11978	15
11979	10
11980	2
11981	13
11982	26
11983	18
11984	3
11985	17
11986	13
11987	10
11988	5
11989	0
11990	1
11991	44
11992	3
11993	9
11994	13
11995	15
11996	0
11997	11
11998	6
11999	0
12000	30
12001	12
12002	2
12003	47
12004	12
12005	6
12006	3
12007	10
12008	9
12009	20
12010	6
12011	3
12012	2
12013	13
12014	8
12015	6
12016	4
12017	15
12018	3
12019	36
12020	10
12021	7
12022	7
12023	2
12024	1
12025	1
12026	6
12027	5
12028	9
12029	2
12030	7
12031	5
12032	20
12033	33
12034	25
12035	4
12036	24
12037	21
12038	0
12039	26
12040	4
12041	6
12042	8
12043	11
12044	1
12045	8
12046	5
12047	5
12048	14
12049	22
12050	3
12051	15
12052	7
12053	2
12054	11
12055	12
12056	10
12057	7
12058	10
12059	7
12060	5
12061	3
12062	11
12063	11
12064	4
12065	6
12066	40
12067	23
12068	15
12069	11
12070	3
12071	1
12072	7
12073	1
12074	15
12075	7
12076	6
12077	8
12078	7
12079	25
12080	14
12081	11
12082	10
12083	7
12084	1
12085	7
12086	0
12087	4
12088	0
12089	19
12090	1
12091	8
12092	2
12093	11
12094	3
12095	5
12096	19
12097	5
12098	8
12099	3
12100	10
12101	8
12102	21
12103	37
12104	2
12105	4
12106	12
12107	8
12108	6
12109	12
12110	6
12111	8
12112	12
12113	2
12114	15
12115	6
12116	14
12117	12
12118	12
12119	7
12120	23
12121	10
12122	22
12123	20
12124	7
12125	21
12126	18
12127	13
12128	1
12129	10
12130	5
12131	8
12132	4
12133	9
12134	13
12135	7
12136	34
12137	9
12138	6
12139	14
12140	4
12141	4
12142	3
12143	6
12144	6
12145	5
12146	6
12147	5
12148	5
12149	15
12150	20
12151	3
12152	26
12153	17
12154	2
12155	0
12156	11
12157	0
12158	3
12159	37
12160	1
12161	7
12162	1
12163	12
12164	27
12165	16
12166	15
12167	5
12168	12
12169	4
12170	13
12171	7
12172	11
12173	7
12174	3
12175	32
12176	10
12177	10
12178	3
12179	19
12180	50
12181	54
12182	13
12183	10
12184	7
12185	1
12186	37
12187	7
12188	9
12189	9
12190	11
12191	12
12192	7
12193	5
12194	4
12195	11
12196	3
12197	8
12198	29
12199	1
12200	31
12201	13
12202	3
12203	28
12204	11
12205	9
12206	15
12207	3
12208	5
12209	3
12210	18
12211	14
12212	18
12213	8
12214	4
12215	5
12216	20
12217	6
12218	36
12219	10
12220	11
12221	10
12222	11
12223	58
12224	8
12225	1
12226	7
12227	8
12228	4
12229	2
12230	7
12231	4
12232	6
12233	8
12234	34
12235	31
12236	3
12237	1
12238	22
12239	1
12240	4
12241	4
12242	32
12243	15
12244	20
12245	28
12246	18
12247	39
12248	43
12249	12
12250	3
12251	2
12252	3
12253	5
12254	1
12255	17
12256	22
12257	8
12258	3
12259	9
12260	12
12261	6
12262	1
12263	15
12264	3
12265	4
12266	8
12267	0
12268	2
12269	0
12270	16
12271	15
12272	14
12273	20
12274	3
12275	36
12276	19
12277	34
12278	7
12279	2
12280	9
12281	20
12282	6
12283	16
12284	0
12285	8
12286	24
12287	9
12288	0
12289	4
12290	26
12291	25
12292	2
12293	1
12294	21
12295	1
12296	5
12297	6
12298	16
12299	0
12300	10
12301	6
12302	44
12303	5
12304	12
12305	11
12306	21
12307	4
12308	11
12309	15
12310	2
12311	8
12312	21
12313	5
12314	27
12315	13
12316	16
12317	5
12318	11
12319	6
12320	16
12321	4
12322	9
12323	25
12324	15
12325	6
12326	8
12327	30
12328	13
12329	5
12330	2
12331	16
12332	2
12333	7
12334	2
12335	10
12336	14
12337	4
12338	8
12339	3
12340	1
12341	3
12342	4
12343	5
12344	15
12345	2
12346	6
12347	8
12348	14
12349	3
12350	6
12351	1
12352	4
12353	17
12354	2
12355	6
12356	13
12357	3
12358	33
12359	3
12360	18
12361	9
12362	6
12363	12
12364	25
12365	30
12366	11
12367	3
12368	25
12369	14
12370	3
12371	2
12372	4
12373	5
12374	0
12375	31
12376	3
12377	10
12378	3
12379	6
12380	8
12381	11
12382	16
12383	4
12384	30
12385	11
12386	11
12387	19
12388	7
12389	4
12390	2
12391	3
12392	15
12393	15
12394	28
12395	5
12396	42
12397	4
12398	18
12399	6
12400	15
12401	18
12402	9
12403	22
12404	6
12405	6
12406	13
12407	5
12408	7
12409	7
12410	14
12411	2
12412	7
12413	12
12414	10
12415	11
12416	18
12417	11
12418	16
12419	16
12420	2
12421	10
12422	3
12423	19
12424	12
12425	9
12426	5
12427	1
12428	3
12429	16
12430	0
12431	4
12432	25
12433	30
12434	5
12435	6
12436	25
12437	3
12438	7
12439	49
12440	3
12441	8
12442	5
12443	8
12444	61
12445	11
12446	16
12447	25
12448	13
12449	2
12450	2
12451	21
12452	7
12453	29
12454	6
12455	6
12456	2
12457	14
12458	6
12459	9
12460	9
12461	3
12462	5
12463	3
12464	17
12465	5
12466	8
12467	0
12468	3
12469	9
12470	7
12471	2
12472	5
12473	15
12474	18
12475	14
12476	30
12477	16
12478	45
12479	22
12480	18
12481	9
12482	8
12483	23
12484	8
12485	1
12486	1
12487	10
12488	7
12489	7
12490	7
12491	10
12492	10
12493	4
12494	18
12495	7
12496	15
12497	10
12498	8
12499	2
12500	3
12501	6
12502	6
12503	5
12504	3
12505	2
12506	5
12507	3
12508	4
12509	2
12510	9
12511	23
12512	14
12513	42
12514	15
12515	2
12516	5
12517	7
12518	8
12519	7
12520	36
12521	1
12522	8
12523	28
12524	3
12525	6
12526	11
12527	2
12528	16
12529	1
12530	4
12531	5
12532	13
12533	7
12534	11
12535	4
12536	47
12537	7
12538	25
12539	40
12540	1
12541	16
12542	9
12543	5
12544	20
12545	9
12546	0
12547	29
12548	7
12549	23
12550	40
12551	7
12552	24
12553	11
12554	2
12555	35
12556	21
12557	9
12558	3
12559	29
12560	34
12561	7
12562	16
12563	31
12564	12
12565	2
12566	4
12567	6
12568	5
12569	8
12570	11
12571	59
12572	13
12573	21
12574	17
12575	10
12576	1
12577	9
12578	6
12579	0
12580	22
12581	15
12582	16
12583	9
12584	10
12585	1
12586	16
12587	17
12588	0
12589	14
12590	3
12591	5
12592	13
12593	6
12594	122
12595	10
12596	8
12597	5
12598	3
12599	10
12600	5
12601	1
12602	7
12603	15
12604	12
12605	23
12606	3
12607	4
12608	8
12609	1
12610	13
12611	3
12612	1
12613	5
12614	4
12615	5
12616	28
12617	10
12618	8
12619	1
12620	36
12621	2
12622	13
12623	3
12624	3
12625	4
12626	2
12627	8
12628	4
12629	5
12630	2
12631	9
12632	22
12633	5
12634	0
12635	17
12636	14
12637	12
12638	10
12639	57
12640	13
12641	7
12642	23
12643	4
12644	2
12645	4
12646	5
12647	3
12648	1
12649	9
12650	13
12651	7
12652	11
12653	23
12654	4
12655	5
12656	1
12657	2
12658	1
12659	7
12660	22
12661	9
12662	2
12663	14
12664	12
12665	0
12666	2
12667	4
12668	9
12669	4
12670	15
12671	35
12672	7
12673	14
12674	8
12675	0
12676	1
12677	18
12678	23
12679	15
12680	11
12681	23
12682	7
12683	13
12684	11
12685	3
12686	1
12687	19
12688	17
12689	19
12690	13
12691	13
12692	3
12693	13
12694	25
12695	4
12696	8
12697	13
12698	3
12699	10
12700	13
12701	8
12702	52
12703	9
12704	10
12705	27
12706	0
12707	18
12708	16
12709	30
12710	15
12711	17
12712	6
12713	5
12714	9
12715	5
12716	6
12717	3
12718	4
12719	0
12720	3
12721	5
12722	24
12723	4
12724	5
12725	17
12726	43
12727	24
12728	9
12729	20
12730	15
12731	5
12732	16
12733	15
12734	5
12735	6
12736	25
12737	33
12738	5
12739	19
12740	5
12741	4
12742	24
12743	12
12744	19
12745	12
12746	21
12747	3
12748	2
12749	5
12750	4
12751	11
12752	7
12753	22
12754	21
12755	35
12756	7
12757	7
12758	32
12759	27
12760	5
12761	48
12762	25
12763	5
12764	6
12765	17
12766	22
12767	16
12768	17
12769	15
12770	29
12771	13
12772	13
12773	0
12774	29
12775	18
12776	9
12777	14
12778	5
12779	10
12780	12
12781	22
12782	1
12783	3
12784	14
12785	2
12786	14
12787	7
12788	14
12789	36
12790	10
12791	10
12792	5
12793	34
12794	17
12795	29
12796	14
12797	3
12798	7
12799	7
12800	54
12801	2
12802	14
12803	1
12804	3
12805	8
12806	6
12807	10
12808	19
12809	10
12810	14
12811	2
12812	4
12813	7
12814	0
12815	1
12816	11
12817	7
12818	22
12819	4
12820	69
12821	12
12822	17
12823	2
12824	8
12825	7
12826	19
12827	8
12828	8
12829	3
12830	17
12831	4
12832	7
12833	8
12834	11
12835	4
12836	14
12837	20
12838	3
12839	4
12840	12
12841	10
12842	2
12843	1
12844	12
12845	10
12846	11
12847	21
12848	2
12849	47
12850	6
12851	13
12852	6
12853	16
12854	16
12855	8
12856	7
12857	11
12858	6
12859	28
12860	20
12861	0
12862	4
12863	30
12864	18
12865	21
12866	24
12867	4
12868	12
12869	1
12870	9
12871	21
12872	22
12873	9
12874	23
12875	23
12876	6
12877	18
12878	0
12879	6
12880	2
12881	29
12882	14
12883	35
12884	0
12885	9
12886	58
12887	9
12888	7
12889	13
12890	10
12891	5
12892	10
12893	3
12894	8
12895	14
12896	3
12897	4
12898	9
12899	5
12900	13
12901	9
12902	3
12903	7
12904	27
12905	2
12906	3
12907	25
12908	14
12909	5
12910	8
12911	7
12912	5
12913	35
12914	3
12915	3
12916	14
12917	17
12918	7
12919	10
12920	8
12921	5
12922	7
12923	6
12924	7
12925	9
12926	5
12927	17
12928	5
12929	2
12930	29
12931	8
12932	22
12933	1
12934	6
12935	8
12936	9
12937	21
12938	15
12939	2
12940	3
12941	7
12942	9
12943	5
12944	4
12945	15
12946	2
12947	13
12948	5
12949	14
12950	1
12951	13
12952	15
12953	29
12954	23
12955	13
12956	1
12957	23
12958	2
12959	19
12960	8
12961	10
12962	7
12963	26
12964	3
12965	10
12966	8
12967	17
12968	31
12969	15
12970	9
12971	9
12972	26
12973	4
12974	0
12975	6
12976	7
12977	3
12978	4
12979	9
12980	4
12981	27
12982	26
12983	14
12984	8
12985	6
12986	8
12987	15
12988	9
12989	11
12990	10
12991	6
12992	2
12993	20
12994	9
12995	9
12996	6
12997	3
12998	17
12999	5
13000	15
13001	3
13002	7
13003	7
13004	17
13005	1
13006	9
13007	4
13008	5
13009	10
13010	2
13011	20
13012	47
13013	5
13014	17
13015	19
13016	8
13017	25
