Game Nr	Game Score
1	518
2	1152
3	45
4	475
5	451
6	655
7	964
8	317
9	862
10	516
11	1298
12	32
13	1
14	5
15	12
16	23
17	44
18	3
19	29
20	280
21	82
22	43
23	43
24	22
25	9
26	4
27	3
28	7
29	8
30	5
31	3
32	0
33	6
34	0
35	16
36	7
37	0
38	2
39	7
40	2
41	0
42	0
43	1
44	2
45	0
46	0
47	0
48	2
49	0
50	0
51	1
52	4
53	0
54	1
55	2
56	1
57	0
58	0
59	0
60	3
61	7
62	0
63	3
64	2
65	1
66	2
67	16
68	0
69	8
70	1
71	0
72	2
73	7
74	1
75	0
76	0
77	0
78	0
79	0
80	3
81	0
82	1
83	0
84	6
85	0
86	0
87	0
88	0
89	0
90	6
91	2
92	6
93	0
94	2
95	1
96	6
97	0
98	1
99	0
100	0
101	2
102	1
103	3
104	0
105	0
106	3
107	2
108	0
109	1
110	1
111	0
112	0
113	0
114	5
115	6
116	0
117	2
118	0
119	0
120	0
121	1
122	1
123	4
124	0
125	0
126	0
127	0
128	0
129	0
130	2
131	0
132	3
133	0
134	0
135	10
136	2
137	2
138	0
139	0
140	2
141	4
142	0
143	2
144	2
145	0
146	1
147	0
148	0
149	0
150	6
151	0
152	2
153	0
154	6
155	0
156	1
157	5
158	6
159	2
160	1
161	10
162	1
163	3
164	5
165	6
166	0
167	0
168	5
169	5
170	1
171	0
172	1
173	1
174	0
175	0
176	0
177	1
178	3
179	4
180	14
181	0
182	4
183	0
184	4
185	7
186	5
187	7
188	0
189	0
190	3
191	0
192	5
193	0
194	0
195	0
196	0
197	5
198	2
199	1
200	6
201	2
202	0
203	0
204	1
205	0
206	2
207	0
208	2
209	20
210	2
211	7
212	1
213	0
214	6
215	1
216	5
217	0
218	4
219	2
220	1
221	0
222	21
223	1
224	2
225	8
226	0
227	1
228	7
229	1
230	9
231	0
232	7
233	1
234	2
235	12
236	0
237	3
238	2
239	6
240	2
241	16
242	1
243	6
244	2
245	3
246	1
247	6
248	4
249	2
250	0
251	5
252	2
253	8
254	1
255	12
256	2
257	7
258	3
259	0
260	10
261	2
262	2
263	5
264	1
265	1
266	0
267	1
268	1
269	7
270	10
271	6
272	0
273	10
274	0
275	7
276	5
277	6
278	3
279	9
280	2
281	4
282	1
283	2
284	5
285	2
286	6
287	4
288	2
289	1
290	0
291	3
292	11
293	0
294	0
295	8
296	0
297	3
298	7
299	6
300	3
301	1
302	0
303	7
304	6
305	6
306	2
307	6
308	0
309	1
310	8
311	6
312	7
313	1
314	5
315	1
316	3
317	6
318	11
319	2
320	0
321	11
322	1
323	1
324	23
325	6
326	1
327	3
328	6
329	1
330	1
331	8
332	10
333	1
334	0
335	16
336	2
337	3
338	5
339	10
340	2
341	4
342	0
343	0
344	3
345	3
346	10
347	5
348	0
349	4
350	2
351	0
352	2
353	1
354	0
355	3
356	0
357	1
358	10
359	0
360	1
361	1
362	4
363	11
364	4
365	4
366	5
367	6
368	7
369	9
370	0
371	7
372	10
373	3
374	3
375	0
376	11
377	2
378	6
379	3
380	11
381	0
382	5
383	0
384	1
385	1
386	4
387	3
388	4
389	2
390	1
391	0
392	5
393	5
394	4
395	0
396	1
397	9
398	6
399	3
400	12
401	5
402	6
403	2
404	13
405	1
406	2
407	1
408	0
409	2
410	5
411	3
412	4
413	4
414	0
415	1
416	2
417	3
418	0
419	2
420	2
421	1
422	2
423	1
424	0
425	0
426	0
427	1
428	1
429	12
430	4
431	3
432	0
433	4
434	5
435	1
436	1
437	0
438	2
439	6
440	2
441	4
442	0
443	7
444	1
445	4
446	2
447	7
448	14
449	6
450	2
451	2
452	14
453	2
454	1
455	5
456	0
457	0
458	0
459	3
460	2
461	4
462	5
463	0
464	4
465	3
466	3
467	2
468	5
469	0
470	1
471	2
472	6
473	1
474	0
475	1
476	0
477	0
478	1
479	0
480	12
481	1
482	0
483	0
484	3
485	1
486	1
487	1
488	1
489	2
490	3
491	0
492	2
493	5
494	3
495	1
496	4
497	10
498	2
499	2
500	6
501	7
502	6
503	4
504	3
505	7
506	1
507	6
508	10
509	2
510	2
511	8
512	0
513	0
514	3
515	1
516	6
517	0
518	4
519	6
520	0
521	6
522	0
523	18
524	2
525	3
526	0
527	6
528	1
529	0
530	0
531	4
532	1
533	0
534	0
535	1
536	0
537	2
538	0
539	3
540	3
541	1
542	6
543	1
544	5
545	1
546	1
547	0
548	4
549	3
550	2
551	4
552	4
553	3
554	0
555	0
556	0
557	1
558	1
559	1
560	0
561	2
562	1
563	18
564	1
565	0
566	0
567	1
568	0
569	1
570	1
571	4
572	0
573	2
574	0
575	0
576	1
577	4
578	7
579	3
580	6
581	1
582	0
583	1
584	4
585	2
586	0
587	2
588	0
589	4
590	2
591	4
592	0
593	6
594	0
595	1
596	0
597	2
598	1
599	1
600	0
601	4
602	1
603	6
604	1
605	0
606	2
607	3
608	6
609	0
610	0
611	1
612	0
613	5
614	0
615	1
616	1
617	1
618	0
619	3
620	1
621	3
622	3
623	1
624	1
625	5
626	15
627	2
628	1
629	1
630	3
631	0
632	3
633	4
634	1
635	2
636	1
637	2
638	0
639	3
640	0
641	7
642	1
643	1
644	0
645	4
646	1
647	11
648	3
649	6
650	0
651	4
652	0
653	1
654	0
655	0
656	2
657	6
658	0
659	9
660	1
661	0
662	3
663	0
664	2
665	4
666	0
667	4
668	3
669	0
670	0
671	7
672	0
673	0
674	3
675	0
676	2
677	2
678	0
679	5
680	0
681	1
682	4
683	1
684	9
685	0
686	2
687	0
688	3
689	3
690	1
691	3
692	1
693	3
694	0
695	0
696	2
697	2
698	4
699	1
700	2
701	0
702	0
703	1
704	0
705	3
706	3
707	1
708	7
709	0
710	1
711	3
712	12
713	1
714	6
715	0
716	0
717	1
718	0
719	1
720	1
721	0
722	0
723	4
724	0
725	4
726	5
727	5
728	1
729	7
730	0
731	6
732	1
733	2
734	1
735	1
736	11
737	0
738	2
739	2
740	4
741	2
742	3
743	2
744	3
745	2
746	0
747	0
748	0
749	2
750	0
751	4
752	2
753	8
754	3
755	8
756	11
757	12
758	1
759	0
760	0
761	7
762	20
763	2
764	1
765	2
766	0
767	2
768	0
769	4
770	2
771	0
772	0
773	1
774	0
775	1
776	7
777	2
778	2
779	2
780	2
781	3
782	0
783	2
784	1
785	3
786	0
787	6
788	2
789	0
790	1
791	0
792	0
793	9
794	8
795	5
796	1
797	4
798	2
799	2
800	3
801	4
802	1
803	0
804	0
805	2
806	0
807	0
808	2
809	2
810	5
811	5
812	5
813	2
814	2
815	0
816	13
817	1
818	5
819	0
820	2
821	3
822	2
823	2
824	1
825	2
826	5
827	0
828	1
829	0
830	3
831	5
832	3
833	0
834	1
835	0
836	9
837	4
838	6
839	1
840	7
841	1
842	2
843	2
844	1
845	2
846	2
847	3
848	0
849	0
850	0
851	1
852	2
853	1
854	5
855	1
856	0
857	1
858	2
859	1
860	11
861	3
862	0
863	5
864	0
865	4
866	1
867	0
868	2
869	5
870	2
871	1
872	1
873	2
874	1
875	1
876	2
877	0
878	2
879	2
880	1
881	4
882	2
883	0
884	1
885	0
886	6
887	6
888	3
889	1
890	2
891	2
892	0
893	1
894	1
895	1
896	0
897	3
898	9
899	3
900	1
901	1
902	0
903	2
904	0
905	3
906	4
907	3
908	0
909	5
910	2
911	0
912	0
913	0
914	1
915	5
916	0
917	2
918	0
919	3
920	0
921	1
922	0
923	2
924	6
925	0
926	1
927	2
928	0
929	0
930	1
931	1
932	3
933	0
934	1
935	1
936	0
937	0
938	1
939	1
940	1
941	1
942	1
943	4
944	4
945	0
946	0
947	5
948	0
949	0
950	0
951	0
952	6
953	0
954	1
955	2
956	2
957	0
958	0
959	1
960	0
961	1
962	0
963	0
964	3
965	5
966	2
967	1
968	2
969	1
970	0
971	0
972	1
973	4
974	4
975	1
976	2
977	0
978	3
979	1
980	0
981	2
982	3
983	1
984	0
985	0
986	1
987	0
988	0
989	3
990	13
991	0
992	0
993	5
994	3
995	4
996	1
997	0
998	1
999	1
1000	0
1001	1
1002	5
1003	1
1004	7
1005	0
1006	0
1007	10
1008	1
1009	3
1010	5
1011	7
1012	0
1013	3
1014	1
1015	1
1016	12
1017	2
1018	2
1019	4
1020	3
1021	5
1022	1
1023	1
1024	5
1025	11
1026	3
1027	1
1028	2
1029	4
1030	4
1031	1
1032	5
1033	1
1034	2
1035	0
1036	1
1037	2
1038	3
1039	5
1040	2
1041	20
1042	0
1043	1
1044	3
1045	0
1046	1
1047	3
1048	9
1049	2
1050	4
1051	5
1052	2
1053	2
1054	2
1055	4
1056	1
1057	0
1058	0
1059	1
1060	5
1061	3
1062	0
1063	1
1064	1
1065	4
1066	5
1067	3
1068	2
1069	3
1070	3
1071	14
1072	1
1073	0
1074	0
1075	2
1076	2
1077	0
1078	0
1079	2
1080	0
1081	4
1082	9
1083	0
1084	3
1085	1
1086	1
1087	3
1088	0
1089	2
1090	0
1091	10
1092	1
1093	0
1094	1
1095	0
1096	3
1097	2
1098	3
1099	0
1100	3
1101	7
1102	5
1103	3
1104	3
1105	2
1106	2
1107	2
1108	5
1109	3
1110	1
1111	0
1112	1
1113	4
1114	1
1115	3
1116	0
1117	1
1118	0
1119	0
1120	0
1121	3
1122	6
1123	0
1124	1
1125	2
1126	1
1127	2
1128	1
1129	0
1130	7
1131	3
1132	2
1133	6
1134	0
1135	2
1136	0
1137	0
1138	1
1139	3
1140	2
1141	1
1142	1
1143	0
1144	1
1145	3
1146	2
1147	1
1148	0
1149	1
1150	1
1151	2
1152	1
1153	0
1154	6
1155	2
1156	0
1157	0
1158	2
1159	2
1160	2
1161	2
1162	1
1163	8
1164	3
1165	1
1166	4
1167	2
1168	3
1169	3
1170	5
1171	0
1172	1
1173	1
1174	1
1175	0
1176	2
1177	2
1178	4
1179	2
1180	2
1181	2
1182	3
1183	0
1184	1
1185	0
1186	0
1187	1
1188	2
1189	2
1190	1
1191	0
1192	5
1193	0
1194	0
1195	0
1196	2
1197	3
1198	0
1199	1
1200	2
1201	0
1202	0
1203	1
1204	3
1205	1
1206	0
1207	1
1208	3
1209	1
1210	0
1211	3
1212	0
1213	0
1214	0
1215	0
1216	4
1217	10
1218	3
1219	7
1220	1
1221	5
1222	2
1223	2
1224	0
1225	2
1226	0
1227	0
1228	6
1229	1
1230	1
1231	4
1232	2
1233	0
1234	0
1235	12
1236	2
1237	1
1238	7
1239	3
1240	7
1241	0
1242	1
1243	1
1244	0
1245	0
1246	1
1247	1
1248	0
1249	0
1250	0
1251	1
1252	5
1253	6
1254	3
1255	1
1256	1
1257	5
1258	3
1259	2
1260	3
1261	6
1262	6
1263	3
1264	0
1265	1
1266	0
1267	0
1268	1
1269	3
1270	6
1271	0
1272	0
1273	3
1274	0
1275	8
1276	1
1277	0
1278	3
1279	5
1280	1
1281	3
1282	3
1283	1
1284	1
1285	2
1286	1
1287	4
1288	0
1289	1
1290	0
1291	0
1292	0
1293	2
1294	0
1295	1
1296	1
1297	5
1298	0
1299	1
1300	3
1301	7
1302	1
1303	6
1304	5
1305	1
1306	3
1307	0
1308	2
1309	0
1310	2
1311	4
1312	5
1313	3
1314	0
1315	0
1316	1
1317	10
1318	1
1319	1
1320	0
1321	2
1322	2
1323	3
1324	3
1325	2
1326	4
1327	2
1328	1
1329	0
1330	1
1331	1
1332	0
1333	2
1334	1
1335	3
1336	2
1337	2
1338	1
1339	0
1340	2
1341	2
1342	8
1343	6
1344	4
1345	0
1346	5
1347	1
1348	8
1349	5
1350	5
1351	7
1352	3
1353	0
1354	1
1355	2
1356	1
1357	3
1358	1
1359	1
1360	4
1361	1
1362	0
1363	3
1364	0
1365	6
1366	3
1367	2
1368	2
1369	0
1370	2
1371	0
1372	4
1373	5
1374	3
1375	2
1376	1
1377	2
1378	2
1379	0
1380	2
1381	0
1382	1
1383	6
1384	2
1385	4
1386	0
1387	12
1388	0
1389	8
1390	1
1391	1
1392	0
1393	6
1394	2
1395	1
1396	4
1397	2
1398	1
1399	3
1400	4
1401	0
1402	2
1403	1
1404	1
1405	2
1406	2
1407	0
1408	4
1409	1
1410	1
1411	1
1412	5
1413	5
1414	3
1415	7
1416	1
1417	4
1418	7
1419	2
1420	2
1421	1
1422	3
1423	0
1424	2
1425	1
1426	0
1427	6
1428	6
1429	4
1430	3
1431	2
1432	1
1433	0
1434	2
1435	0
1436	1
1437	2
1438	5
1439	3
1440	2
1441	3
1442	2
1443	0
1444	1
1445	1
1446	7
1447	4
1448	4
1449	6
1450	0
1451	2
1452	3
1453	1
1454	0
1455	3
1456	1
1457	0
1458	3
1459	2
1460	4
1461	2
1462	4
1463	1
1464	2
1465	0
1466	3
1467	0
1468	2
1469	0
1470	0
1471	4
1472	3
1473	3
1474	6
1475	2
1476	4
1477	3
1478	3
1479	0
1480	3
1481	2
1482	0
1483	1
1484	2
1485	1
1486	3
1487	0
1488	3
1489	0
1490	0
1491	0
1492	5
1493	3
1494	0
1495	0
1496	3
1497	3
1498	1
1499	0
1500	3
1501	4
1502	3
1503	3
1504	2
1505	1
1506	2
1507	2
1508	5
1509	5
1510	2
1511	2
1512	4
1513	1
1514	1
1515	4
1516	1
1517	1
1518	0
1519	3
1520	0
1521	4
1522	0
1523	3
1524	1
1525	1
1526	4
1527	2
1528	1
1529	2
1530	1
1531	3
1532	3
1533	2
1534	3
1535	1
1536	1
1537	2
1538	4
1539	2
1540	0
1541	0
1542	3
1543	1
1544	0
1545	1
1546	2
1547	1
1548	0
1549	6
1550	6
1551	1
1552	3
1553	1
1554	2
1555	1
1556	2
1557	5
1558	0
1559	1
1560	0
1561	3
1562	3
1563	2
1564	2
1565	1
1566	9
1567	0
1568	2
1569	0
1570	2
1571	3
1572	3
1573	2
1574	0
1575	1
1576	1
1577	4
1578	1
1579	4
1580	2
1581	5
1582	0
1583	2
1584	0
1585	1
1586	2
1587	1
1588	6
1589	0
1590	1
1591	9
1592	0
1593	5
1594	1
1595	2
1596	1
1597	0
1598	2
1599	5
1600	3
1601	3
1602	2
1603	3
1604	5
1605	2
1606	4
1607	0
1608	3
1609	2
1610	7
1611	1
1612	2
1613	1
1614	4
1615	8
1616	2
1617	0
1618	1
1619	3
1620	12
1621	6
1622	7
1623	2
1624	1
1625	6
1626	2
1627	2
1628	6
1629	1
1630	3
1631	1
1632	0
1633	3
1634	2
1635	1
1636	0
1637	0
1638	2
1639	3
1640	2
1641	3
1642	1
1643	3
1644	1
1645	0
1646	5
1647	0
1648	6
1649	2
1650	0
1651	2
1652	3
1653	1
1654	3
1655	1
1656	0
1657	3
1658	1
1659	3
1660	0
1661	4
1662	4
1663	5
1664	3
1665	1
1666	3
1667	3
1668	5
1669	3
1670	3
1671	2
1672	4
1673	8
1674	7
1675	1
1676	6
1677	9
1678	7
1679	0
1680	1
1681	0
1682	14
1683	2
1684	5
1685	7
1686	4
1687	4
1688	2
1689	2
1690	3
1691	0
1692	4
1693	1
1694	3
1695	1
1696	6
1697	2
1698	1
1699	4
1700	1
1701	4
1702	3
1703	1
1704	1
1705	1
1706	1
1707	4
1708	5
1709	1
1710	1
1711	2
1712	0
1713	5
1714	1
1715	9
1716	3
1717	0
1718	0
1719	1
1720	3
1721	1
1722	1
1723	1
1724	6
1725	1
1726	5
1727	1
1728	1
1729	0
1730	2
1731	3
1732	3
1733	4
1734	4
1735	2
1736	5
1737	6
1738	0
1739	10
1740	2
1741	0
1742	3
1743	0
1744	1
1745	2
1746	2
1747	1
1748	3
1749	3
1750	0
1751	1
1752	1
1753	7
1754	3
1755	2
1756	5
1757	2
1758	2
1759	3
1760	1
1761	2
1762	7
1763	2
1764	0
1765	4
1766	1
1767	0
1768	3
1769	0
1770	4
1771	4
1772	4
1773	1
1774	1
1775	1
1776	1
1777	4
1778	0
1779	2
1780	2
1781	1
1782	0
1783	1
1784	5
1785	4
1786	8
1787	0
1788	8
1789	2
1790	3
1791	0
1792	1
1793	0
1794	0
1795	0
1796	1
1797	0
1798	1
1799	1
1800	1
1801	4
1802	4
1803	0
1804	2
1805	2
1806	1
1807	0
1808	0
1809	3
1810	4
1811	3
1812	0
1813	2
1814	1
1815	0
1816	0
1817	7
1818	2
1819	3
1820	1
1821	1
1822	0
1823	1
1824	6
1825	5
1826	0
1827	5
1828	6
1829	3
1830	6
1831	2
1832	3
1833	3
1834	0
1835	0
1836	2
1837	6
1838	0
1839	2
1840	2
1841	2
1842	2
1843	1
1844	4
1845	1
1846	2
1847	0
1848	3
1849	0
1850	10
1851	7
1852	3
1853	2
1854	1
1855	4
1856	3
1857	6
1858	4
1859	0
1860	0
1861	0
1862	3
1863	0
1864	3
1865	7
1866	1
1867	2
1868	1
1869	1
1870	3
1871	3
1872	0
1873	1
1874	0
1875	1
1876	0
1877	4
1878	3
1879	1
1880	0
1881	3
1882	3
1883	3
1884	3
1885	2
1886	2
1887	0
1888	0
1889	0
1890	8
1891	0
1892	1
1893	4
1894	1
1895	3
1896	1
1897	3
1898	2
1899	2
1900	0
1901	0
1902	2
1903	3
1904	5
1905	2
1906	2
1907	5
1908	4
1909	0
1910	1
1911	6
1912	2
1913	1
1914	0
1915	2
1916	0
1917	1
1918	0
1919	3
1920	7
1921	0
1922	1
1923	1
1924	3
1925	3
1926	11
1927	4
1928	1
1929	0
1930	3
1931	0
1932	0
1933	0
1934	1
1935	3
1936	8
1937	1
1938	0
1939	3
1940	4
1941	2
1942	2
1943	2
1944	1
1945	1
1946	0
1947	3
1948	1
1949	0
1950	2
1951	1
1952	4
1953	3
1954	6
1955	6
1956	0
1957	5
1958	4
1959	1
1960	1
1961	1
1962	0
1963	5
1964	1
1965	0
1966	3
1967	3
1968	0
1969	2
1970	2
1971	1
1972	1
1973	1
1974	2
1975	4
1976	3
1977	2
1978	1
1979	1
1980	0
1981	3
1982	0
1983	2
1984	0
1985	2
1986	0
1987	1
1988	0
1989	5
1990	2
1991	1
1992	4
1993	2
1994	2
1995	2
1996	4
1997	1
1998	1
1999	7
2000	5
2001	0
2002	1
2003	0
2004	2
2005	3
2006	1
2007	4
2008	3
2009	1
2010	3
2011	0
2012	2
2013	3
2014	4
2015	4
2016	1
2017	3
2018	6
2019	0
2020	3
2021	6
2022	0
2023	4
2024	2
2025	4
2026	7
2027	0
2028	5
2029	7
2030	7
2031	3
2032	0
2033	4
2034	4
2035	9
2036	7
2037	5
2038	1
2039	4
2040	1
2041	1
2042	1
2043	2
2044	1
2045	5
2046	0
2047	11
2048	1
2049	3
2050	4
2051	6
2052	2
2053	5
2054	2
2055	1
2056	4
2057	0
2058	1
2059	0
2060	2
2061	1
2062	5
2063	4
2064	1
2065	9
2066	1
2067	2
2068	2
2069	3
2070	6
2071	3
2072	2
2073	3
2074	2
2075	6
2076	0
2077	6
2078	1
2079	0
2080	1
2081	3
2082	3
2083	3
2084	4
2085	2
2086	7
2087	8
2088	4
2089	1
2090	1
2091	3
2092	1
2093	6
2094	2
2095	3
2096	3
2097	1
2098	3
2099	1
2100	5
2101	0
2102	0
2103	2
2104	0
2105	1
2106	3
2107	3
2108	0
2109	9
2110	3
2111	16
2112	4
2113	0
2114	0
2115	1
2116	5
2117	1
2118	1
2119	0
2120	9
2121	6
2122	0
2123	5
2124	4
2125	0
2126	4
2127	1
2128	6
2129	0
2130	3
2131	0
2132	3
2133	1
2134	5
2135	5
2136	4
2137	17
2138	5
2139	1
2140	0
2141	7
2142	5
2143	0
2144	2
2145	5
2146	2
2147	7
2148	1
2149	8
2150	3
2151	2
2152	2
2153	1
2154	4
2155	4
2156	6
2157	10
2158	5
2159	0
2160	2
2161	5
2162	3
2163	0
2164	2
2165	1
2166	7
2167	11
2168	1
2169	6
2170	1
2171	0
2172	2
2173	13
2174	5
2175	2
2176	1
2177	0
2178	5
2179	3
2180	0
2181	0
2182	2
2183	1
2184	0
2185	1
2186	2
2187	0
2188	1
2189	0
2190	2
2191	1
2192	3
2193	0
2194	4
2195	0
2196	4
2197	6
2198	2
2199	5
2200	3
2201	3
2202	4
2203	8
2204	7
2205	1
2206	5
2207	4
2208	6
2209	9
2210	1
2211	0
2212	0
2213	0
2214	0
2215	7
2216	2
2217	1
2218	0
2219	0
2220	2
2221	7
2222	5
2223	9
2224	8
2225	2
2226	1
2227	1
2228	4
2229	3
2230	0
2231	1
2232	2
2233	4
2234	2
2235	0
2236	4
2237	5
2238	2
2239	1
2240	3
2241	2
2242	1
2243	1
2244	6
2245	8
2246	0
2247	3
2248	3
2249	1
2250	5
2251	1
2252	0
2253	8
2254	2
2255	1
2256	2
2257	8
2258	3
2259	5
2260	1
2261	0
2262	0
2263	2
2264	0
2265	0
2266	8
2267	1
2268	1
2269	1
2270	1
2271	7
2272	0
2273	11
2274	4
2275	5
2276	2
2277	15
2278	3
2279	2
2280	0
2281	1
2282	0
2283	3
2284	5
2285	2
2286	3
2287	9
2288	1
2289	1
2290	5
2291	1
2292	8
2293	6
2294	3
2295	5
2296	17
2297	3
2298	4
2299	1
2300	5
2301	13
2302	3
2303	3
2304	0
2305	2
2306	4
2307	0
2308	7
2309	10
2310	13
2311	0
2312	10
2313	1
2314	3
2315	5
2316	1
2317	4
2318	4
2319	0
2320	7
2321	2
2322	0
2323	5
2324	5
2325	0
2326	5
2327	0
2328	5
2329	10
2330	1
2331	0
2332	1
2333	4
2334	0
2335	0
2336	1
2337	7
2338	4
2339	2
2340	1
2341	0
2342	4
2343	3
2344	2
2345	2
2346	1
2347	4
2348	2
2349	4
2350	2
2351	1
2352	0
2353	0
2354	0
2355	2
2356	1
2357	0
2358	4
2359	2
2360	4
2361	3
2362	3
2363	1
2364	2
2365	15
2366	1
2367	8
2368	6
2369	0
2370	1
2371	4
2372	2
2373	2
2374	0
2375	2
2376	2
2377	3
2378	1
2379	3
2380	3
2381	2
2382	2
2383	3
2384	1
2385	3
2386	4
2387	2
2388	3
2389	1
2390	2
2391	3
2392	2
2393	8
2394	1
2395	2
2396	3
2397	3
2398	9
2399	6
2400	8
2401	4
2402	1
2403	1
2404	1
2405	4
2406	3
2407	3
2408	3
2409	1
2410	1
2411	1
2412	10
2413	1
2414	6
2415	3
2416	5
2417	3
2418	2
2419	0
2420	5
2421	4
2422	0
2423	1
2424	3
2425	0
2426	3
2427	3
2428	4
2429	1
2430	0
2431	1
2432	4
2433	0
2434	0
2435	1
2436	4
2437	4
2438	15
2439	2
2440	5
2441	2
2442	1
2443	6
2444	4
2445	0
2446	1
2447	0
2448	4
2449	0
2450	1
2451	1
2452	1
2453	2
2454	6
2455	2
2456	5
2457	4
2458	2
2459	6
2460	2
2461	6
2462	1
2463	8
2464	3
2465	0
2466	11
2467	4
2468	2
2469	4
2470	0
2471	4
2472	3
2473	3
2474	11
2475	1
2476	4
2477	0
2478	2
2479	3
2480	0
2481	7
2482	0
2483	7
2484	3
2485	0
2486	4
2487	2
2488	1
2489	3
2490	5
2491	0
2492	1
2493	1
2494	1
2495	3
2496	4
2497	1
2498	1
2499	1
2500	4
2501	1
2502	4
2503	2
2504	3
2505	4
2506	3
2507	4
2508	3
2509	7
2510	1
2511	3
2512	0
2513	3
2514	5
2515	1
2516	0
2517	2
2518	0
2519	4
2520	0
2521	1
2522	1
2523	5
2524	2
2525	0
2526	5
2527	3
2528	1
2529	1
2530	9
2531	3
2532	3
2533	1
2534	5
2535	0
2536	2
2537	7
2538	1
2539	2
2540	2
2541	9
2542	3
2543	6
2544	3
2545	5
2546	2
2547	1
2548	6
2549	1
2550	7
2551	2
2552	0
2553	6
2554	2
2555	0
2556	3
2557	1
2558	1
2559	2
2560	5
2561	2
2562	6
2563	1
2564	2
2565	3
2566	3
2567	8
2568	0
2569	2
2570	4
2571	0
2572	0
2573	0
2574	0
2575	2
2576	0
2577	3
2578	1
2579	0
2580	5
2581	3
2582	2
2583	3
2584	1
2585	3
2586	1
2587	1
2588	0
2589	3
2590	4
2591	10
2592	1
2593	4
2594	5
2595	6
2596	2
2597	1
2598	1
2599	7
2600	4
2601	5
2602	15
2603	0
2604	10
2605	4
2606	4
2607	3
2608	2
2609	7
2610	1
2611	0
2612	2
2613	1
2614	0
2615	6
2616	2
2617	2
2618	3
2619	1
2620	5
2621	0
2622	0
2623	0
2624	6
2625	2
2626	0
2627	4
2628	7
2629	4
2630	4
2631	3
2632	16
2633	3
2634	3
2635	3
2636	0
2637	2
2638	8
2639	2
2640	1
2641	1
2642	1
2643	2
2644	4
2645	5
2646	3
2647	6
2648	1
2649	4
2650	1
2651	1
2652	0
2653	0
2654	0
2655	1
2656	10
2657	8
2658	1
2659	3
2660	2
2661	1
2662	3
2663	0
2664	2
2665	1
2666	11
2667	5
2668	3
2669	2
2670	0
2671	7
2672	0
2673	0
2674	3
2675	1
2676	1
2677	1
2678	1
2679	2
2680	3
2681	3
2682	0
2683	4
2684	4
2685	0
2686	5
2687	1
2688	3
2689	5
2690	1
2691	6
2692	1
2693	9
2694	4
2695	1
2696	4
2697	3
2698	2
2699	5
2700	0
2701	0
2702	3
2703	4
2704	1
2705	0
2706	6
2707	3
2708	2
2709	5
2710	2
2711	1
2712	2
2713	12
2714	0
2715	0
2716	3
2717	5
2718	1
2719	2
2720	1
2721	4
2722	5
2723	1
2724	1
2725	9
2726	0
2727	10
2728	8
2729	0
2730	1
2731	2
2732	2
2733	3
2734	3
2735	10
2736	5
2737	4
2738	2
2739	3
2740	2
2741	1
2742	1
2743	7
2744	0
2745	8
2746	1
2747	2
2748	0
2749	2
2750	0
2751	5
2752	3
2753	2
2754	1
2755	4
2756	5
2757	0
2758	12
2759	4
2760	5
2761	0
2762	3
2763	2
2764	7
2765	2
2766	2
2767	5
2768	2
2769	7
2770	1
2771	1
2772	0
2773	7
2774	2
2775	3
2776	1
2777	3
2778	0
2779	2
2780	4
2781	6
2782	1
2783	0
2784	2
2785	4
2786	1
2787	12
2788	1
2789	8
2790	5
2791	3
2792	8
2793	2
2794	9
2795	3
2796	2
2797	11
2798	4
2799	0
2800	10
2801	2
2802	1
2803	1
2804	2
2805	1
2806	0
2807	2
2808	1
2809	3
2810	0
2811	0
2812	6
2813	4
2814	2
2815	8
2816	2
2817	2
2818	10
2819	2
2820	17
2821	4
2822	2
2823	2
2824	7
2825	3
2826	9
2827	3
2828	4
2829	2
2830	1
2831	3
2832	2
2833	1
2834	0
2835	1
2836	0
2837	1
2838	6
2839	1
2840	2
2841	5
2842	1
2843	2
2844	5
2845	6
2846	1
2847	9
2848	1
2849	4
2850	3
2851	1
2852	1
2853	2
2854	4
2855	12
2856	10
2857	2
2858	4
2859	0
2860	5
2861	4
2862	3
2863	3
2864	5
2865	3
2866	1
2867	5
2868	1
2869	3
2870	1
2871	3
2872	3
2873	0
2874	1
2875	4
2876	1
2877	2
2878	1
2879	10
2880	1
2881	2
2882	2
2883	0
2884	0
2885	9
2886	1
2887	2
2888	3
2889	3
2890	0
2891	0
2892	0
2893	5
2894	0
2895	2
2896	1
2897	2
2898	4
2899	0
2900	2
2901	4
