Game Nr	Game Score
1	1
2	0
3	0
4	0
5	0
6	1
7	0
8	0
9	1
10	0
11	0
12	0
13	0
14	0
15	0
16	0
17	0
18	4
19	1
20	0
21	0
22	0
23	0
24	0
25	0
26	0
27	0
28	1
29	0
30	0
31	0
32	0
33	0
34	0
35	0
36	2
37	0
38	0
39	1
40	0
41	0
42	0
43	0
44	0
45	0
46	0
47	0
48	0
49	0
50	1
51	0
52	0
53	0
54	0
55	0
56	0
57	0
58	0
59	0
60	0
61	0
62	0
63	0
64	0
65	1
66	0
67	2
68	0
69	0
70	0
71	0
72	0
73	2
74	0
75	0
76	0
77	0
78	0
79	7
80	0
81	0
82	0
83	0
84	0
85	1
86	0
87	0
88	0
89	0
90	0
91	2
92	0
93	0
94	0
95	0
96	0
97	1
98	0
99	0
100	0
101	1
102	0
103	0
104	0
105	0
106	0
107	0
108	0
109	0
110	1
111	0
112	1
113	2
114	0
115	0
116	0
117	0
118	0
119	0
120	0
121	0
122	0
123	0
124	0
125	0
126	0
127	0
128	0
129	1
130	0
131	0
132	0
133	0
134	0
135	2
136	1
137	0
138	1
139	1
140	0
141	0
142	0
143	0
144	0
145	0
146	1
147	0
148	0
149	0
150	0
151	0
152	0
153	0
154	0
155	0
156	0
157	0
158	0
159	0
160	0
161	0
162	0
163	0
164	0
165	0
166	0
167	0
168	1
169	0
170	1
171	0
172	0
173	0
174	0
175	0
176	0
177	0
178	0
179	0
180	1
181	0
182	0
183	0
184	0
185	0
186	0
187	0
188	0
189	0
190	0
191	0
192	1
193	0
194	0
195	1
196	0
197	0
198	0
199	0
200	0
201	0
202	0
203	1
204	0
205	0
206	0
207	0
208	0
209	2
210	1
211	0
212	1
213	0
214	0
215	0
216	1
217	1
218	0
219	1
220	4
221	0
222	1
223	1
224	0
225	0
226	2
227	1
228	1
229	0
230	0
231	0
232	0
233	0
234	0
235	0
236	2
237	0
238	0
239	0
240	0
241	0
242	0
243	0
244	0
245	0
246	2
247	0
248	0
249	0
250	1
251	0
252	0
253	0
254	1
255	0
256	0
257	0
258	1
259	0
260	1
261	0
262	2
263	1
264	0
265	1
266	0
267	0
268	0
269	0
270	0
271	0
272	0
273	0
274	0
275	0
276	0
277	2
278	3
279	1
280	1
281	0
282	1
283	0
284	0
285	0
286	0
287	0
288	1
289	0
290	2
291	1
292	0
293	0
294	1
295	0
296	0
297	2
298	1
299	1
300	0
301	2
302	1
303	0
304	0
305	1
306	3
307	0
308	0
309	0
310	0
311	0
312	0
313	0
314	2
315	0
316	0
317	0
318	3
319	0
320	1
321	0
322	0
323	2
324	0
325	0
326	2
327	0
328	1
329	0
330	0
331	0
332	1
333	2
334	0
335	0
336	0
337	0
338	1
339	1
340	0
341	0
342	0
343	0
344	1
345	0
346	0
347	0
348	0
349	5
350	1
351	3
352	0
353	1
354	3
355	1
356	2
357	0
358	1
359	0
360	0
361	0
362	0
363	0
364	0
365	1
366	0
367	0
368	0
369	0
370	1
371	0
372	1
373	2
374	2
375	1
376	2
377	0
378	1
379	1
380	2
381	0
382	0
383	0
384	0
385	0
386	1
387	1
388	0
389	1
390	2
391	0
392	3
393	0
394	4
395	0
396	0
397	1
398	0
399	0
400	0
401	0
402	0
403	1
404	0
405	0
406	0
407	1
408	2
409	0
410	0
411	0
412	0
413	4
414	1
415	0
416	11
417	0
418	0
419	1
420	1
421	1
422	1
423	1
424	1
425	0
426	3
427	0
428	0
429	0
430	1
431	0
432	0
433	0
434	0
435	5
436	2
437	1
438	0
439	0
440	4
441	4
442	5
443	0
444	0
445	0
446	0
447	3
448	1
449	4
450	1
451	1
452	1
453	0
454	0
455	0
456	0
457	1
458	0
459	2
460	2
461	0
462	1
463	1
464	2
465	1
466	0
467	0
468	0
469	1
470	0
471	5
472	0
473	1
474	0
475	1
476	0
477	0
478	0
479	4
480	2
481	2
482	1
483	0
484	1
485	0
486	4
487	2
488	0
489	0
490	0
491	0
492	4
493	0
494	1
495	0
496	0
497	0
498	7
499	1
500	2
501	0
502	0
503	2
504	0
505	2
506	3
507	4
508	4
509	1
510	1
511	0
512	2
513	0
514	1
515	1
516	0
517	8
518	0
519	1
520	0
521	10
522	4
523	0
524	2
525	1
526	7
527	2
528	2
529	1
530	1
531	0
532	6
533	1
534	2
535	0
536	2
537	0
538	2
539	4
540	2
541	0
542	4
543	2
544	2
545	2
546	3
547	4
548	0
549	0
550	1
551	7
552	2
553	0
554	0
555	1
556	0
557	1
558	12
559	2
560	1
561	0
562	5
563	0
564	4
565	2
566	0
567	2
568	0
569	0
570	3
571	2
572	5
573	5
574	3
575	0
576	3
577	1
578	0
579	0
580	7
581	4
582	0
583	1
584	4
585	0
586	4
587	1
588	3
589	1
590	3
591	2
592	7
593	0
594	0
595	4
596	0
597	2
598	2
599	1
600	4
601	4
602	3
603	0
604	0
605	1
606	0
607	0
608	7
609	5
610	2
611	1
612	0
613	1
614	5
615	1
616	1
617	2
618	4
619	2
620	2
621	0
622	0
623	1
624	5
625	0
626	1
627	1
628	8
629	2
630	1
631	2
632	1
633	1
634	4
635	0
636	1
637	6
638	6
639	5
640	2
641	5
642	1
643	1
644	2
645	3
646	0
647	2
648	2
649	5
650	4
651	0
652	0
653	4
654	1
655	0
656	4
657	0
658	11
659	1
660	2
661	1
662	3
663	8
664	1
665	2
666	2
667	3
668	3
669	1
670	1
671	0
672	0
673	4
674	1
675	2
676	4
677	1
678	0
679	5
680	1
681	2
682	2
683	0
684	1
685	6
686	1
687	0
688	1
689	2
690	1
691	2
692	10
693	0
694	1
695	6
696	1
697	0
698	10
699	0
700	3
701	4
702	1
703	2
704	9
705	4
706	7
707	1
708	3
709	0
710	2
711	5
712	2
713	3
714	1
715	0
716	1
717	1
718	11
719	2
720	4
721	0
722	0
723	2
724	14
725	3
726	3
727	7
728	1
729	1
730	1
731	1
732	1
733	1
734	0
735	0
736	6
737	2
738	1
739	2
740	1
741	1
742	0
743	1
744	0
745	3
746	0
747	0
748	0
749	0
750	2
751	1
752	2
753	2
754	2
755	1
756	5
757	2
758	0
759	0
760	0
761	7
762	2
763	1
764	1
765	0
766	2
767	5
768	3
769	1
770	2
771	3
772	10
773	1
774	5
775	2
776	0
777	0
778	0
779	2
780	1
781	3
782	0
783	3
784	1
785	5
786	6
787	1
788	1
789	2
790	6
791	11
792	8
793	5
794	1
795	8
796	4
797	2
798	2
799	3
800	1
801	2
802	1
803	1
804	1
805	0
806	3
807	1
808	0
809	3
810	1
811	3
812	1
813	5
814	1
815	1
816	6
817	0
818	10
819	0
820	6
821	4
822	1
823	6
824	4
825	2
826	1
827	3
828	6
829	1
830	3
831	2
832	2
833	2
834	0
835	1
836	1
837	3
838	4
839	4
840	3
841	3
842	2
843	4
844	1
845	5
846	4
847	3
848	7
849	1
850	0
851	3
852	0
853	7
854	6
855	7
856	2
857	1
858	1
859	1
860	3
861	4
862	1
863	1
864	0
865	5
866	11
867	2
868	0
869	9
870	4
871	0
872	2
873	4
874	2
875	5
876	1
877	4
878	5
879	1
880	1
881	2
882	0
883	5
884	2
885	8
886	3
887	1
888	2
889	7
890	6
891	13
892	4
893	5
894	2
895	2
896	4
897	2
898	1
899	0
900	5
901	8
902	1
903	10
904	1
905	1
906	6
907	7
908	3
909	7
910	2
911	6
912	2
913	5
914	2
915	1
916	6
917	2
918	4
919	2
920	3
921	6
922	3
923	0
924	7
925	1
926	1
927	0
928	0
929	4
930	2
931	2
932	2
933	2
934	5
935	2
936	1
937	1
938	2
939	6
940	6
941	0
942	1
943	1
944	7
945	3
946	4
947	4
948	2
949	0
950	1
951	2
952	2
953	1
954	5
955	6
956	12
957	2
958	2
959	6
960	12
961	1
962	1
963	2
964	1
965	0
966	2
967	1
968	5
969	2
970	1
971	3
972	5
973	0
974	6
975	0
976	2
977	2
978	3
979	0
980	5
981	4
982	5
983	1
984	7
985	2
986	1
987	2
988	2
989	4
990	3
991	0
992	2
993	3
994	2
995	8
996	7
997	0
998	0
999	5
1000	5
1001	4
1002	0
1003	0
1004	3
1005	0
1006	3
1007	3
1008	3
1009	3
1010	1
1011	0
1012	2
1013	2
1014	2
1015	1
1016	3
1017	1
1018	2
1019	3
1020	1
1021	0
1022	3
1023	0
1024	2
1025	3
1026	11
1027	2
1028	8
1029	1
1030	1
1031	7
1032	4
1033	2
1034	6
1035	2
1036	8
1037	6
1038	2
1039	6
1040	3
1041	0
1042	5
1043	1
1044	4
1045	12
1046	1
1047	2
1048	3
1049	2
1050	1
1051	7
1052	3
1053	4
1054	1
1055	5
1056	2
1057	3
1058	0
1059	2
1060	4
1061	2
1062	2
1063	0
1064	11
1065	5
1066	5
1067	1
1068	0
1069	12
1070	4
1071	4
1072	3
1073	2
1074	9
1075	2
1076	4
1077	6
1078	5
1079	2
1080	6
1081	2
1082	2
1083	0
1084	4
1085	6
1086	4
1087	7
1088	0
1089	2
1090	1
1091	2
1092	4
1093	2
1094	10
1095	4
1096	0
1097	2
1098	0
1099	4
1100	8
1101	2
1102	1
1103	6
1104	5
1105	1
1106	6
1107	1
1108	9
1109	4
1110	0
1111	5
1112	1
1113	1
1114	4
1115	5
1116	13
1117	0
1118	2
1119	3
1120	4
1121	0
1122	2
1123	10
1124	1
1125	4
1126	4
1127	1
1128	2
1129	3
1130	2
1131	16
1132	0
1133	0
1134	14
1135	4
1136	9
1137	1
1138	18
1139	4
1140	6
1141	9
1142	2
1143	1
1144	1
1145	1
1146	4
1147	20
1148	4
1149	5
1150	4
1151	7
1152	1
1153	0
1154	6
1155	0
1156	1
1157	1
1158	2
1159	4
1160	2
1161	2
1162	6
1163	5
1164	3
1165	6
1166	3
1167	2
1168	2
1169	2
1170	1
1171	2
1172	4
1173	1
1174	0
1175	1
1176	2
1177	0
1178	4
1179	10
1180	0
1181	2
1182	1
1183	7
1184	3
1185	7
1186	4
1187	0
1188	8
1189	2
1190	6
1191	10
1192	7
1193	3
1194	1
1195	1
1196	1
1197	7
1198	6
1199	1
1200	2
1201	1
1202	6
1203	3
1204	5
1205	2
1206	2
1207	6
1208	12
1209	4
1210	10
1211	2
1212	1
1213	7
1214	3
1215	2
1216	0
1217	2
1218	2
1219	1
1220	5
1221	1
1222	4
1223	4
1224	0
1225	5
1226	2
1227	1
1228	4
1229	2
1230	4
1231	2
1232	0
1233	3
1234	15
1235	5
1236	2
1237	1
1238	0
1239	8
1240	2
1241	4
1242	2
1243	1
1244	0
1245	5
1246	1
1247	3
1248	1
1249	10
1250	10
1251	4
1252	4
1253	0
1254	3
1255	1
1256	2
1257	2
1258	2
1259	3
1260	2
1261	4
1262	1
1263	6
1264	3
1265	0
1266	5
1267	2
1268	3
1269	3
1270	0
1271	2
1272	1
1273	2
1274	4
1275	1
1276	2
1277	2
1278	2
1279	1
1280	6
1281	7
1282	2
1283	5
1284	2
1285	3
1286	3
1287	8
1288	1
1289	1
1290	4
1291	4
1292	5
1293	1
1294	1
1295	0
1296	2
1297	0
1298	5
1299	4
1300	5
1301	1
1302	0
1303	8
1304	10
1305	7
1306	8
1307	2
1308	2
1309	5
1310	5
1311	6
1312	3
1313	7
1314	2
1315	5
1316	1
1317	3
1318	3
1319	0
1320	2
1321	2
1322	1
1323	6
1324	0
1325	4
1326	4
1327	4
1328	7
1329	0
1330	4
1331	3
1332	3
1333	7
1334	11
1335	2
1336	2
1337	3
1338	6
1339	1
1340	2
1341	2
1342	0
1343	4
1344	1
1345	4
1346	3
1347	4
1348	10
1349	3
1350	3
1351	14
1352	0
1353	11
1354	8
1355	7
1356	5
1357	9
1358	11
1359	3
1360	0
1361	3
1362	10
1363	4
1364	3
1365	3
1366	20
1367	3
1368	3
1369	7
1370	5
1371	2
1372	2
1373	1
1374	4
1375	2
1376	2
1377	0
1378	8
1379	5
1380	11
1381	6
1382	3
1383	6
1384	1
1385	10
1386	8
1387	4
1388	2
1389	17
1390	2
1391	0
1392	2
1393	3
1394	0
1395	0
1396	5
1397	2
1398	2
1399	0
1400	4
1401	7
1402	1
1403	1
1404	6
1405	9
1406	1
1407	2
1408	5
1409	4
1410	0
1411	3
1412	1
1413	3
1414	1
1415	1
1416	3
1417	4
1418	4
1419	2
1420	1
1421	2
1422	1
1423	6
1424	2
1425	0
1426	6
1427	5
1428	2
1429	2
1430	2
1431	8
1432	3
1433	5
1434	2
1435	3
1436	1
1437	1
1438	4
1439	8
1440	3
1441	3
1442	5
1443	2
1444	5
1445	0
1446	3
1447	5
1448	3
1449	6
1450	1
1451	5
1452	5
1453	5
1454	3
1455	7
1456	4
1457	1
1458	2
1459	1
1460	5
1461	2
1462	6
1463	5
1464	0
1465	1
1466	6
1467	5
1468	7
1469	1
1470	3
1471	1
1472	5
1473	5
1474	1
1475	0
1476	2
1477	2
1478	8
1479	8
1480	2
1481	4
1482	1
1483	3
1484	7
1485	5
1486	1
1487	6
1488	3
1489	1
1490	0
1491	1
1492	1
1493	8
1494	0
1495	7
1496	7
1497	3
1498	0
1499	1
1500	9
1501	1
1502	3
1503	6
1504	3
1505	1
1506	2
1507	2
1508	2
1509	6
1510	4
1511	1
1512	5
1513	3
1514	3
1515	8
1516	0
1517	1
1518	5
1519	2
1520	4
1521	4
1522	1
1523	6
1524	1
1525	2
1526	13
1527	4
1528	10
1529	10
1530	3
1531	11
1532	5
1533	8
1534	9
1535	3
1536	4
1537	7
1538	13
1539	3
1540	2
1541	2
1542	8
1543	3
1544	3
1545	6
1546	1
1547	1
1548	1
1549	1
1550	3
1551	1
1552	4
1553	3
1554	3
1555	4
1556	0
1557	4
1558	1
1559	1
1560	2
1561	2
1562	6
1563	1
1564	1
1565	1
1566	4
1567	2
1568	7
1569	14
1570	1
1571	1
1572	4
1573	4
1574	10
1575	1
1576	9
1577	1
1578	9
1579	3
1580	1
1581	0
1582	1
1583	4
1584	4
1585	4
1586	6
1587	5
1588	3
1589	3
1590	11
1591	0
1592	1
1593	6
1594	5
1595	3
1596	5
1597	3
1598	0
1599	0
1600	2
1601	6
1602	2
1603	8
1604	1
1605	2
1606	1
1607	0
1608	2
1609	5
1610	0
1611	0
1612	7
1613	2
1614	7
1615	0
1616	1
1617	2
1618	4
1619	2
1620	1
1621	0
1622	1
1623	1
1624	2
1625	6
1626	3
1627	0
1628	1
1629	4
1630	1
1631	8
1632	1
1633	1
1634	2
1635	4
1636	5
1637	1
1638	4
1639	1
1640	1
1641	6
1642	2
1643	3
1644	1
1645	8
1646	2
1647	4
1648	2
1649	0
1650	8
1651	1
1652	3
1653	3
1654	10
1655	3
1656	0
1657	1
1658	3
1659	9
1660	1
1661	2
1662	3
1663	3
1664	2
1665	2
1666	0
1667	1
1668	4
1669	0
1670	7
1671	2
1672	3
1673	1
1674	4
1675	1
1676	3
1677	1
1678	0
1679	1
1680	1
1681	1
1682	0
1683	4
1684	6
1685	3
1686	8
1687	5
1688	9
1689	1
1690	2
1691	6
1692	2
1693	1
1694	5
1695	3
1696	5
1697	4
1698	1
1699	2
1700	5
1701	12
1702	0
1703	9
1704	8
1705	14
1706	2
1707	5
1708	0
1709	3
1710	3
1711	9
1712	3
1713	5
1714	3
1715	6
1716	2
1717	2
1718	3
1719	4
1720	2
1721	1
1722	1
1723	1
1724	0
1725	3
1726	5
1727	4
1728	7
1729	2
1730	2
1731	3
1732	1
1733	1
1734	0
1735	3
1736	2
1737	0
1738	0
1739	6
1740	2
1741	1
1742	0
1743	2
1744	1
1745	1
1746	8
1747	3
1748	5
1749	9
1750	1
1751	3
1752	1
1753	2
1754	4
1755	1
1756	1
1757	1
1758	3
1759	1
1760	1
1761	1
1762	4
1763	5
1764	9
1765	6
1766	2
1767	1
1768	2
1769	1
1770	8
1771	7
1772	0
1773	2
1774	7
1775	0
1776	2
1777	8
1778	2
1779	5
1780	7
1781	0
1782	6
1783	1
1784	2
1785	4
1786	5
1787	4
1788	11
1789	1
1790	1
1791	3
1792	2
1793	1
1794	5
1795	1
1796	14
1797	0
1798	4
1799	1
1800	0
1801	1
1802	5
1803	2
1804	1
1805	1
1806	8
1807	4
1808	0
1809	0
1810	8
1811	4
1812	5
1813	2
1814	9
1815	6
1816	14
1817	6
1818	3
1819	4
1820	5
1821	2
1822	1
1823	2
1824	3
1825	4
1826	2
1827	2
1828	0
1829	1
1830	1
1831	1
1832	6
1833	5
1834	0
1835	5
1836	2
1837	0
1838	7
1839	8
1840	2
1841	0
1842	7
1843	2
1844	4
1845	2
1846	1
1847	1
1848	2
1849	4
1850	3
1851	2
1852	1
1853	2
1854	4
1855	9
1856	15
1857	5
1858	0
1859	5
1860	7
1861	3
1862	3
1863	9
1864	2
1865	4
1866	11
1867	1
1868	5
1869	0
1870	3
1871	4
1872	3
1873	8
1874	1
1875	4
1876	12
1877	6
1878	9
1879	4
1880	5
1881	8
1882	1
1883	3
1884	1
1885	2
1886	7
1887	5
1888	8
1889	1
1890	10
1891	3
1892	7
1893	2
1894	4
1895	0
1896	5
1897	8
1898	8
1899	0
1900	7
1901	4
1902	3
1903	5
1904	4
1905	0
1906	1
1907	7
1908	7
1909	6
1910	3
1911	3
1912	2
1913	1
1914	9
1915	10
1916	2
1917	0
1918	0
1919	5
1920	1
1921	5
1922	6
1923	9
1924	6
1925	6
1926	6
1927	4
1928	1
1929	3
1930	2
1931	0
1932	1
1933	0
1934	7
1935	4
1936	2
1937	0
1938	10
1939	2
1940	2
1941	3
1942	4
1943	11
1944	12
1945	6
1946	5
1947	3
1948	3
1949	4
1950	7
1951	2
1952	1
1953	1
1954	0
1955	4
1956	2
1957	7
1958	2
1959	5
1960	17
1961	6
1962	2
1963	6
1964	2
1965	2
1966	3
1967	4
1968	3
1969	3
1970	5
1971	11
1972	4
1973	7
1974	3
1975	4
1976	8
1977	3
1978	2
1979	5
1980	10
1981	5
1982	7
1983	3
1984	8
1985	6
1986	4
1987	3
1988	0
1989	3
1990	8
1991	4
1992	1
1993	2
1994	6
1995	2
1996	2
1997	4
1998	6
1999	2
2000	2
2001	2
2002	8
2003	8
2004	3
2005	3
2006	1
2007	2
2008	2
2009	0
2010	2
2011	4
2012	1
2013	4
2014	2
2015	3
2016	6
2017	9
2018	9
2019	1
2020	7
2021	5
2022	7
2023	3
2024	1
2025	5
2026	4
2027	2
2028	2
2029	4
2030	0
2031	3
2032	2
2033	5
2034	6
2035	4
2036	1
2037	9
2038	1
2039	11
2040	6
2041	2
2042	4
2043	6
2044	0
2045	3
2046	14
2047	5
2048	0
2049	2
2050	4
2051	8
2052	0
2053	7
2054	1
2055	8
2056	14
2057	0
2058	11
2059	3
2060	4
2061	6
2062	5
2063	3
2064	6
2065	4
2066	6
2067	1
2068	1
2069	6
2070	7
2071	5
2072	5
2073	1
2074	4
2075	2
2076	3
2077	2
2078	2
2079	3
2080	5
2081	2
2082	0
2083	8
2084	5
2085	3
2086	7
2087	3
2088	7
2089	5
2090	1
2091	3
2092	6
2093	0
2094	4
2095	2
2096	2
2097	4
2098	4
2099	3
2100	4
2101	4
2102	1
2103	1
2104	5
2105	8
2106	1
2107	2
2108	5
2109	5
2110	3
2111	3
2112	4
2113	12
2114	10
2115	2
2116	4
2117	2
2118	2
2119	5
2120	2
2121	5
2122	10
2123	11
2124	0
2125	3
2126	1
2127	4
2128	3
2129	3
2130	1
2131	6
2132	3
2133	4
2134	7
2135	7
2136	6
2137	4
2138	2
2139	7
2140	1
2141	2
2142	5
2143	4
2144	3
2145	3
2146	3
2147	0
2148	1
2149	8
2150	3
2151	3
2152	0
2153	6
2154	3
2155	3
2156	2
2157	11
2158	2
2159	0
2160	1
2161	4
2162	10
2163	4
2164	0
2165	5
2166	2
2167	9
2168	2
2169	2
2170	2
2171	2
2172	5
2173	4
2174	9
2175	6
2176	1
2177	8
2178	5
2179	0
2180	0
2181	2
2182	7
2183	1
2184	6
2185	2
2186	0
2187	0
2188	8
2189	8
2190	8
2191	3
2192	2
2193	9
2194	4
2195	5
2196	1
2197	4
2198	0
2199	1
2200	4
2201	2
2202	3
2203	12
2204	1
2205	8
2206	4
2207	0
2208	1
2209	1
2210	4
2211	4
2212	7
2213	2
2214	0
2215	2
2216	2
2217	5
2218	3
2219	14
2220	4
2221	1
2222	3
2223	1
2224	4
2225	2
2226	5
2227	4
2228	5
2229	0
2230	8
2231	3
2232	1
2233	5
2234	9
2235	0
2236	4
2237	8
2238	3
2239	3
2240	4
2241	3
2242	5
2243	3
2244	3
2245	2
2246	4
2247	1
2248	0
2249	2
2250	2
2251	3
2252	2
2253	3
2254	3
2255	13
2256	2
2257	8
2258	10
2259	7
2260	5
2261	11
2262	2
2263	6
2264	3
2265	3
2266	10
2267	6
2268	1
2269	2
2270	5
2271	1
2272	3
2273	2
2274	12
2275	1
2276	9
2277	3
2278	5
2279	1
2280	7
2281	3
2282	4
2283	5
2284	8
2285	2
2286	5
2287	3
2288	1
2289	2
2290	3
2291	0
2292	5
2293	8
2294	2
2295	10
2296	3
2297	2
2298	8
2299	6
2300	2
2301	7
2302	5
2303	6
2304	0
2305	3
2306	1
2307	4
2308	5
2309	8
2310	11
2311	1
2312	3
2313	5
2314	1
2315	4
2316	7
2317	3
2318	11
2319	6
2320	4
2321	8
2322	4
2323	3
2324	4
2325	5
2326	4
2327	5
2328	5
2329	14
2330	2
2331	2
2332	1
2333	3
2334	2
2335	4
2336	7
2337	2
2338	2
2339	3
2340	5
2341	5
2342	3
2343	15
2344	3
2345	0
2346	10
2347	7
2348	3
2349	7
2350	1
2351	1
2352	0
2353	3
2354	9
2355	5
2356	2
2357	2
2358	3
2359	5
2360	14
2361	2
2362	1
2363	3
2364	3
2365	9
2366	2
2367	13
2368	2
2369	3
2370	8
2371	3
2372	2
2373	7
2374	2
2375	5
2376	1
2377	7
2378	4
2379	3
2380	4
2381	1
2382	3
2383	3
2384	3
2385	1
2386	0
2387	0
2388	2
2389	3
2390	9
2391	5
2392	1
2393	8
2394	6
2395	8
2396	1
2397	4
2398	6
2399	8
2400	5
2401	1
2402	2
2403	7
2404	6
2405	7
2406	3
2407	1
2408	1
2409	0
2410	3
2411	5
2412	4
2413	6
2414	4
2415	3
2416	3
2417	3
2418	10
2419	4
2420	4
2421	6
2422	15
2423	2
2424	6
2425	7
2426	2
2427	1
2428	4
2429	12
2430	2
2431	3
2432	4
2433	2
2434	5
2435	4
2436	1
2437	6
2438	2
2439	1
2440	4
2441	4
2442	2
2443	2
2444	2
2445	9
2446	3
2447	2
2448	1
2449	1
2450	15
2451	9
2452	2
2453	3
2454	10
2455	2
2456	2
2457	1
2458	2
2459	6
2460	3
2461	4
2462	1
2463	3
2464	2
2465	3
2466	2
2467	1
2468	3
2469	1
2470	3
2471	7
2472	2
2473	7
2474	1
2475	4
2476	8
2477	0
2478	0
2479	2
2480	0
2481	2
2482	10
2483	1
2484	8
2485	3
2486	2
2487	1
2488	4
2489	2
2490	5
2491	1
2492	2
2493	6
2494	7
2495	9
2496	2
2497	7
2498	13
2499	1
2500	4
2501	9
2502	1
2503	4
2504	2
2505	8
2506	6
2507	2
2508	2
2509	6
2510	1
2511	3
2512	3
2513	7
2514	3
2515	1
2516	2
2517	4
2518	4
2519	2
2520	0
2521	4
2522	4
2523	4
2524	10
2525	2
2526	5
2527	5
2528	1
2529	3
2530	3
2531	6
2532	5
2533	3
2534	3
2535	3
2536	5
2537	3
2538	1
2539	2
2540	5
2541	5
2542	5
2543	1
2544	0
2545	1
2546	4
2547	1
2548	1
2549	1
2550	10
2551	3
2552	6
2553	8
2554	1
2555	6
2556	4
2557	3
2558	6
2559	2
2560	2
2561	2
2562	3
2563	3
2564	2
2565	1
2566	4
2567	3
2568	2
2569	0
2570	9
2571	2
2572	7
2573	5
2574	0
2575	2
2576	15
2577	2
2578	3
2579	1
2580	12
2581	3
2582	2
2583	4
2584	3
2585	2
2586	4
2587	3
2588	3
2589	1
2590	5
2591	2
2592	1
2593	1
2594	3
2595	2
2596	5
2597	4
2598	0
2599	0
2600	5
2601	3
2602	3
2603	4
2604	1
2605	5
2606	1
2607	2
2608	7
2609	8
2610	12
2611	6
2612	4
2613	7
2614	2
2615	6
2616	3
2617	1
2618	3
2619	2
2620	1
2621	5
2622	9
2623	4
2624	5
2625	1
2626	7
2627	5
2628	4
2629	6
2630	3
2631	1
2632	5
2633	0
2634	6
2635	2
2636	0
2637	5
2638	9
2639	3
2640	2
2641	1
2642	9
2643	5
2644	11
2645	4
2646	2
2647	5
2648	7
2649	9
2650	3
2651	3
2652	4
2653	4
2654	7
2655	3
2656	0
2657	1
2658	5
2659	2
2660	3
2661	3
2662	4
2663	0
2664	8
2665	3
2666	5
2667	2
2668	8
2669	4
2670	1
2671	1
2672	1
2673	1
2674	10
2675	0
2676	8
2677	8
2678	3
2679	4
2680	2
2681	6
2682	5
2683	1
2684	3
2685	1
2686	1
2687	4
2688	3
2689	1
2690	7
2691	4
2692	4
2693	8
2694	3
2695	2
2696	2
2697	6
2698	0
2699	4
2700	1
2701	4
2702	5
2703	2
2704	1
2705	2
2706	1
2707	2
2708	8
2709	5
2710	4
2711	1
2712	0
2713	14
2714	3
2715	7
2716	1
2717	4
2718	1
2719	7
2720	4
2721	5
2722	4
2723	9
2724	0
2725	2
2726	3
2727	0
2728	2
2729	15
2730	12
2731	6
2732	12
2733	0
2734	2
2735	4
2736	2
2737	17
2738	10
2739	1
2740	3
2741	6
2742	2
2743	3
2744	5
2745	5
2746	2
2747	1
2748	6
2749	2
2750	2
2751	10
2752	6
2753	1
2754	11
2755	9
2756	8
2757	3
2758	2
2759	4
2760	2
2761	1
2762	2
2763	1
2764	1
2765	3
2766	1
2767	9
2768	7
2769	3
2770	4
2771	0
2772	9
2773	7
2774	4
2775	3
2776	2
2777	5
2778	9
2779	1
2780	5
2781	1
2782	1
2783	8
2784	1
2785	4
2786	7
2787	12
2788	9
2789	5
2790	1
2791	4
2792	2
2793	0
2794	7
2795	2
2796	3
2797	5
2798	3
2799	2
2800	2
2801	7
2802	9
2803	0
2804	3
2805	1
2806	3
2807	3
2808	2
2809	7
2810	1
2811	2
2812	3
2813	5
2814	0
2815	5
2816	2
2817	3
2818	1
2819	5
2820	8
2821	3
2822	18
2823	1
2824	6
2825	2
2826	13
2827	6
2828	1
2829	5
2830	4
2831	3
2832	8
2833	4
2834	3
2835	1
2836	1
2837	2
2838	5
2839	11
2840	1
2841	3
2842	3
2843	2
2844	5
2845	6
2846	11
2847	2
2848	11
2849	11
2850	5
2851	1
2852	0
2853	3
2854	1
2855	5
2856	4
2857	3
2858	2
2859	9
2860	13
2861	3
2862	13
2863	13
2864	6
2865	2
2866	1
2867	13
2868	3
2869	3
2870	1
2871	1
2872	10
2873	8
2874	1
2875	0
2876	4
2877	8
2878	5
2879	1
2880	7
2881	1
2882	1
2883	8
2884	7
2885	2
2886	8
2887	3
2888	0
2889	2
2890	7
2891	9
2892	5
2893	6
2894	6
2895	2
2896	6
2897	0
2898	4
2899	0
2900	3
2901	7
2902	1
2903	3
2904	11
2905	3
2906	9
2907	2
2908	8
2909	1
2910	1
2911	2
2912	7
2913	5
2914	3
2915	8
2916	1
2917	4
2918	2
2919	25
2920	2
2921	7
2922	0
2923	2
2924	2
2925	2
2926	5
2927	3
2928	1
2929	2
2930	3
2931	1
2932	1
2933	3
2934	5
2935	6
2936	2
2937	12
2938	8
2939	14
2940	4
2941	3
2942	1
2943	7
2944	14
2945	2
2946	7
2947	3
2948	2
2949	1
2950	5
2951	0
2952	2
2953	8
2954	0
2955	6
2956	6
2957	2
2958	5
2959	6
2960	2
2961	2
2962	13
2963	9
2964	4
2965	0
2966	7
2967	2
2968	1
2969	1
2970	0
2971	5
2972	9
2973	9
2974	7
2975	2
2976	5
2977	3
2978	0
2979	9
2980	5
2981	4
2982	1
2983	1
2984	0
2985	3
2986	6
2987	4
2988	3
2989	7
2990	2
2991	0
2992	3
2993	4
2994	0
2995	2
2996	1
2997	0
2998	8
2999	8
3000	2
3001	0
3002	5
3003	5
3004	4
3005	1
3006	4
3007	1
3008	8
3009	1
3010	2
3011	8
3012	11
3013	5
3014	1
3015	3
3016	2
3017	1
3018	1
3019	9
3020	4
3021	5
3022	9
3023	1
3024	5
3025	1
3026	6
3027	4
3028	12
3029	2
3030	1
3031	3
3032	1
3033	1
3034	2
3035	6
3036	4
3037	3
3038	2
3039	2
3040	4
3041	5
3042	6
3043	2
3044	0
3045	1
3046	14
3047	6
3048	8
3049	5
3050	0
3051	3
3052	2
3053	6
3054	1
3055	12
3056	5
3057	1
3058	14
3059	4
3060	1
3061	5
3062	8
3063	9
3064	2
3065	9
3066	3
3067	12
3068	10
3069	1
3070	3
3071	4
3072	9
3073	2
3074	1
3075	2
3076	9
3077	3
3078	5
3079	3
3080	6
3081	15
3082	5
3083	1
3084	2
3085	17
3086	4
3087	2
3088	2
3089	6
3090	5
3091	2
3092	7
3093	6
3094	2
3095	5
3096	3
3097	2
3098	7
3099	1
3100	11
3101	2
3102	3
3103	3
3104	4
3105	3
3106	8
3107	5
3108	1
3109	0
3110	7
3111	1
3112	2
3113	2
3114	1
3115	12
3116	3
3117	0
3118	2
3119	1
3120	1
3121	4
3122	6
3123	0
3124	2
3125	0
3126	3
3127	5
3128	0
3129	1
3130	2
3131	4
3132	3
3133	1
3134	2
3135	7
3136	6
3137	2
3138	11
3139	1
3140	1
3141	1
3142	4
3143	0
3144	2
3145	7
3146	1
3147	1
3148	2
3149	6
3150	1
3151	3
3152	3
3153	2
3154	6
3155	0
3156	3
3157	2
3158	3
3159	1
3160	4
3161	1
3162	4
3163	3
3164	4
3165	2
3166	2
3167	2
3168	2
3169	2
3170	1
3171	5
3172	1
3173	11
3174	4
3175	3
3176	1
3177	2
3178	4
3179	2
3180	11
3181	1
3182	2
3183	3
3184	4
3185	1
3186	9
3187	10
3188	1
3189	4
3190	11
3191	0
3192	2
3193	2
3194	0
3195	5
3196	0
3197	8
3198	5
3199	2
3200	4
3201	1
3202	2
3203	11
3204	3
3205	3
3206	2
3207	3
3208	2
3209	2
3210	4
3211	2
3212	0
3213	3
3214	1
3215	4
3216	3
3217	5
3218	8
3219	2
3220	0
3221	2
3222	0
3223	0
3224	2
3225	4
3226	5
3227	3
3228	0
3229	1
3230	6
3231	10
3232	7
3233	3
3234	0
3235	1
3236	0
3237	7
3238	0
3239	8
3240	4
3241	4
3242	6
3243	5
3244	2
3245	2
3246	2
3247	1
3248	1
3249	1
3250	6
3251	5
3252	3
3253	3
3254	1
3255	9
3256	2
3257	4
3258	4
3259	6
3260	4
3261	1
3262	4
3263	1
3264	5
3265	3
3266	1
3267	6
3268	1
3269	6
3270	2
3271	6
3272	8
3273	2
3274	4
3275	4
3276	1
3277	7
3278	8
3279	4
3280	4
3281	2
3282	8
3283	2
3284	2
3285	4
3286	3
3287	7
3288	4
3289	3
3290	2
3291	6
3292	1
3293	2
3294	7
3295	5
3296	1
3297	2
3298	3
3299	7
3300	1
3301	1
3302	5
3303	5
3304	6
3305	12
3306	1
3307	3
3308	5
3309	5
3310	6
3311	3
3312	1
3313	1
3314	1
3315	3
3316	4
3317	0
3318	1
3319	2
3320	1
3321	2
3322	0
3323	2
3324	4
3325	0
3326	4
3327	1
3328	0
3329	0
3330	1
3331	3
3332	1
3333	3
3334	1
3335	1
3336	0
3337	3
3338	1
3339	6
3340	5
3341	8
3342	8
3343	10
3344	5
3345	13
3346	5
3347	9
3348	4
3349	12
3350	3
3351	0
3352	0
3353	7
3354	1
3355	3
3356	2
3357	16
3358	7
3359	2
3360	1
3361	5
3362	6
3363	1
3364	4
3365	2
3366	0
3367	7
3368	13
3369	2
3370	2
3371	5
3372	5
3373	4
3374	2
3375	1
3376	4
3377	1
3378	2
3379	8
3380	4
3381	6
3382	20
3383	1
3384	3
3385	18
3386	2
3387	2
3388	3
3389	2
3390	3
3391	6
3392	6
3393	4
3394	12
3395	2
3396	5
3397	4
3398	5
3399	2
3400	8
3401	6
3402	2
3403	2
3404	3
3405	3
3406	3
3407	4
3408	7
3409	5
3410	7
3411	3
3412	4
3413	3
3414	16
3415	0
3416	13
3417	7
3418	5
3419	10
3420	4
3421	7
3422	0
3423	3
3424	7
3425	1
3426	7
3427	6
3428	2
3429	1
3430	11
3431	5
3432	1
3433	8
3434	2
3435	4
3436	2
3437	2
3438	8
3439	3
3440	7
3441	4
3442	5
3443	3
3444	8
3445	4
3446	1
3447	3
3448	0
3449	6
3450	7
3451	1
3452	0
3453	2
3454	12
3455	1
3456	16
3457	1
3458	10
3459	2
3460	10
3461	1
3462	0
3463	6
3464	4
3465	3
3466	2
3467	11
3468	2
3469	4
3470	6
3471	2
3472	5
3473	4
3474	6
3475	1
3476	6
3477	3
3478	6
3479	13
3480	3
3481	2
3482	5
3483	10
3484	3
3485	4
3486	6
3487	8
3488	2
3489	12
3490	12
3491	5
3492	11
3493	1
3494	6
3495	0
3496	5
3497	5
3498	6
3499	2
3500	2
3501	1
3502	3
3503	3
3504	3
3505	2
3506	6
3507	13
3508	3
3509	5
3510	1
3511	3
3512	9
3513	4
3514	11
3515	5
3516	1
3517	0
3518	0
3519	3
3520	7
3521	2
3522	1
3523	13
3524	3
3525	0
3526	6
3527	5
3528	2
3529	6
3530	7
3531	8
3532	3
3533	3
3534	1
3535	8
3536	2
3537	2
3538	15
3539	7
3540	5
3541	7
3542	2
3543	2
3544	12
3545	5
3546	10
3547	2
3548	6
3549	4
3550	12
3551	14
3552	13
3553	3
3554	8
3555	4
3556	4
3557	8
3558	4
3559	6
3560	13
3561	8
3562	9
3563	8
3564	13
3565	2
3566	5
3567	8
3568	11
3569	3
3570	2
3571	2
3572	2
3573	12
3574	5
3575	4
3576	4
3577	2
3578	3
3579	0
3580	0
3581	1
3582	0
3583	21
3584	1
3585	5
3586	3
3587	2
3588	7
3589	1
3590	5
3591	2
3592	3
3593	5
3594	4
3595	1
3596	8
3597	9
3598	3
3599	13
3600	7
3601	12
3602	6
3603	3
3604	8
3605	8
3606	3
3607	6
3608	5
3609	0
3610	10
3611	0
3612	20
3613	2
3614	5
3615	8
3616	3
3617	0
3618	5
3619	2
3620	4
3621	1
3622	3
3623	14
3624	15
3625	12
3626	6
3627	4
3628	3
3629	3
3630	6
3631	6
3632	2
3633	8
3634	7
3635	1
3636	6
3637	4
3638	11
3639	1
3640	0
3641	1
3642	1
3643	1
3644	4
3645	4
3646	5
3647	6
3648	2
3649	12
3650	5
3651	4
3652	2
3653	6
3654	6
3655	2
3656	5
3657	3
3658	10
3659	2
3660	3
3661	0
3662	3
3663	1
3664	1
3665	1
3666	7
3667	8
3668	1
3669	3
3670	3
3671	2
3672	4
3673	14
3674	8
3675	1
3676	9
3677	4
3678	7
3679	8
3680	5
3681	1
3682	2
3683	4
3684	8
3685	2
3686	3
3687	4
3688	3
3689	20
3690	10
3691	5
3692	1
3693	6
3694	8
3695	1
3696	1
3697	7
3698	4
3699	10
3700	7
3701	4
3702	3
3703	4
3704	2
3705	3
3706	1
3707	6
3708	2
3709	2
3710	4
3711	2
3712	7
3713	3
3714	10
3715	0
3716	6
3717	15
3718	1
3719	3
3720	5
3721	3
3722	3
3723	1
3724	3
3725	4
3726	8
3727	4
3728	6
3729	1
3730	3
3731	2
3732	6
3733	3
3734	10
3735	5
3736	2
3737	3
3738	4
3739	2
3740	2
3741	12
3742	2
3743	1
3744	6
3745	1
3746	1
3747	2
3748	1
3749	6
3750	8
3751	7
3752	13
3753	11
3754	6
3755	13
3756	8
3757	3
3758	7
3759	7
3760	0
3761	5
3762	0
3763	7
3764	9
3765	1
3766	2
3767	2
3768	5
3769	16
3770	4
3771	22
3772	11
3773	1
3774	5
3775	4
3776	2
3777	4
3778	7
3779	3
3780	7
3781	7
3782	4
3783	2
3784	1
3785	0
3786	8
3787	4
3788	12
3789	10
3790	8
3791	2
3792	2
3793	6
3794	3
3795	15
3796	5
3797	1
3798	12
3799	6
3800	3
3801	7
3802	5
3803	13
3804	11
3805	2
3806	3
3807	6
3808	4
3809	4
3810	7
3811	6
3812	8
3813	2
3814	7
3815	7
3816	9
3817	8
3818	8
3819	2
3820	4
3821	6
3822	9
3823	1
3824	2
3825	12
3826	4
3827	2
3828	3
3829	5
3830	4
3831	7
3832	4
3833	3
3834	5
3835	3
3836	7
3837	2
3838	3
3839	2
3840	2
3841	1
3842	2
3843	6
3844	4
3845	1
3846	6
3847	4
3848	5
3849	3
3850	1
3851	7
3852	8
3853	0
3854	0
3855	5
3856	0
3857	0
3858	1
3859	5
3860	1
3861	1
3862	8
3863	4
3864	2
3865	7
3866	7
3867	13
3868	13
3869	2
3870	1
3871	1
3872	7
3873	6
3874	3
3875	2
3876	7
3877	3
3878	7
3879	1
3880	1
3881	0
3882	5
3883	3
3884	1
3885	11
3886	12
3887	6
3888	2
3889	4
3890	4
3891	7
3892	1
3893	9
3894	6
3895	9
3896	2
3897	1
3898	3
3899	5
3900	5
3901	4
3902	8
3903	10
3904	6
3905	10
3906	2
3907	0
3908	3
3909	3
3910	2
3911	3
3912	4
3913	1
3914	7
3915	15
3916	6
3917	2
3918	8
3919	0
3920	1
3921	5
3922	6
3923	4
3924	2
3925	3
3926	2
3927	2
3928	2
3929	4
3930	2
3931	5
3932	4
3933	0
3934	3
3935	6
3936	1
3937	10
3938	5
3939	2
3940	4
3941	10
3942	0
3943	4
3944	1
3945	6
3946	14
3947	5
3948	1
3949	3
3950	1
3951	3
3952	12
3953	4
3954	1
3955	11
3956	3
3957	5
3958	2
3959	11
3960	7
3961	4
3962	2
3963	4
3964	8
3965	7
3966	2
3967	12
3968	1
3969	5
3970	2
3971	12
3972	3
3973	8
3974	5
3975	7
3976	6
3977	1
3978	5
3979	3
3980	2
3981	5
3982	4
3983	2
3984	1
3985	5
3986	10
3987	2
3988	3
3989	2
3990	6
3991	3
3992	2
3993	3
3994	8
3995	11
3996	3
3997	5
3998	0
3999	1
4000	1
4001	5
4002	8
4003	7
4004	11
4005	13
4006	5
4007	9
4008	1
4009	5
4010	2
4011	15
4012	4
4013	5
4014	4
4015	2
4016	3
4017	4
4018	4
4019	10
4020	7
4021	9
4022	0
4023	1
4024	3
4025	6
4026	1
4027	1
4028	4
4029	7
4030	9
4031	0
4032	8
4033	4
4034	2
4035	7
4036	4
4037	0
4038	1
4039	7
4040	2
4041	2
4042	4
4043	2
4044	4
4045	2
4046	7
4047	9
4048	4
4049	7
4050	0
4051	0
4052	7
4053	4
4054	1
4055	3
4056	1
4057	0
4058	7
4059	1
4060	13
4061	1
4062	17
4063	3
4064	0
4065	4
4066	1
4067	2
4068	9
4069	1
4070	2
4071	0
4072	16
4073	2
4074	3
4075	6
4076	6
4077	5
4078	4
4079	5
4080	2
4081	3
4082	7
4083	4
4084	2
4085	4
4086	5
4087	1
4088	15
4089	10
4090	15
4091	20
4092	0
4093	2
4094	1
4095	6
4096	7
4097	6
4098	5
4099	7
4100	5
4101	0
4102	7
4103	2
4104	6
4105	3
4106	3
4107	8
4108	1
4109	5
4110	3
4111	7
4112	3
4113	2
4114	16
4115	4
4116	7
4117	7
4118	10
4119	3
4120	3
4121	8
4122	8
4123	17
4124	5
4125	11
4126	5
4127	4
4128	2
4129	1
4130	5
4131	4
4132	9
4133	8
4134	1
4135	5
4136	4
4137	7
4138	5
4139	9
4140	5
4141	4
4142	6
4143	2
4144	7
4145	3
4146	3
4147	6
4148	10
4149	3
4150	3
4151	10
4152	3
4153	1
4154	9
4155	4
4156	5
4157	7
4158	8
4159	12
4160	1
4161	0
4162	0
4163	1
4164	1
4165	2
4166	2
4167	5
4168	12
4169	1
4170	8
4171	2
4172	4
4173	3
4174	3
4175	5
4176	0
4177	2
4178	1
4179	8
4180	3
4181	0
4182	2
4183	4
4184	4
4185	6
4186	2
4187	7
4188	3
4189	2
4190	5
4191	7
4192	8
4193	6
4194	2
4195	12
4196	2
4197	0
4198	4
4199	6
4200	2
4201	4
4202	4
4203	10
4204	8
4205	1
4206	3
4207	2
4208	7
4209	3
4210	8
4211	6
4212	10
4213	6
4214	2
4215	7
4216	8
4217	4
4218	3
4219	8
4220	0
4221	13
4222	7
4223	2
4224	9
4225	10
4226	6
4227	7
4228	1
4229	8
4230	1
4231	5
4232	2
4233	3
4234	10
4235	2
4236	8
4237	1
4238	0
4239	7
4240	5
4241	4
4242	4
4243	1
4244	6
4245	2
4246	2
4247	6
4248	3
4249	1
4250	4
4251	2
4252	4
4253	2
4254	2
4255	1
4256	4
4257	3
4258	0
4259	5
4260	3
4261	5
4262	6
4263	4
4264	0
4265	5
4266	4
4267	2
4268	3
4269	5
4270	0
4271	1
4272	10
4273	3
4274	3
4275	6
4276	1
4277	3
4278	3
4279	5
4280	7
4281	2
4282	1
4283	1
4284	3
4285	8
4286	3
4287	2
4288	4
4289	1
4290	1
4291	13
4292	0
4293	0
4294	0
4295	6
4296	3
4297	5
4298	7
4299	9
4300	1
4301	3
4302	7
4303	1
4304	1
4305	10
4306	1
4307	5
4308	0
4309	4
4310	6
4311	0
4312	2
4313	5
4314	1
4315	6
4316	2
4317	10
4318	1
4319	9
4320	0
4321	3
4322	4
4323	1
4324	1
4325	0
4326	2
4327	10
4328	6
4329	5
4330	4
4331	1
4332	5
4333	4
4334	0
4335	2
4336	1
4337	1
4338	8
4339	1
4340	6
4341	3
4342	4
4343	4
4344	1
4345	4
4346	4
4347	8
4348	6
4349	8
4350	3
4351	7
4352	2
4353	1
4354	4
4355	8
4356	1
4357	4
4358	2
4359	10
4360	5
4361	3
4362	3
4363	2
4364	4
4365	3
4366	6
4367	1
4368	5
4369	6
4370	1
4371	6
4372	3
4373	1
4374	1
4375	1
4376	2
4377	2
4378	2
4379	0
4380	0
4381	7
4382	1
4383	3
4384	4
4385	2
4386	9
4387	4
4388	4
4389	11
4390	3
4391	8
4392	4
4393	2
4394	7
4395	5
4396	1
4397	5
4398	11
4399	6
4400	7
4401	3
4402	1
4403	2
4404	5
4405	4
4406	6
4407	4
4408	4
4409	8
4410	1
4411	4
4412	6
4413	0
4414	1
4415	3
4416	5
4417	0
4418	1
4419	7
4420	10
4421	9
4422	2
4423	7
4424	2
4425	4
4426	2
4427	3
4428	3
4429	6
4430	4
4431	2
4432	4
4433	1
4434	10
4435	0
4436	6
4437	17
4438	0
4439	4
4440	10
4441	5
4442	3
4443	6
4444	1
4445	2
4446	6
4447	2
4448	7
4449	6
4450	5
4451	2
4452	6
4453	3
4454	4
4455	7
4456	3
4457	1
4458	1
4459	0
4460	8
4461	2
4462	5
4463	7
4464	0
4465	4
4466	2
4467	9
4468	3
4469	11
4470	0
4471	2
4472	10
4473	4
4474	4
4475	11
4476	4
4477	3
4478	3
4479	1
4480	4
4481	7
4482	9
4483	0
4484	2
4485	3
4486	4
4487	0
4488	6
4489	1
4490	5
4491	5
4492	5
4493	5
4494	2
4495	2
4496	2
4497	3
4498	3
4499	5
4500	1
4501	4
4502	4
4503	0
4504	1
4505	0
4506	9
4507	4
4508	5
4509	16
4510	9
4511	8
4512	0
4513	3
4514	5
4515	4
4516	7
4517	1
4518	0
4519	5
4520	9
4521	4
4522	10
4523	6
4524	0
4525	6
4526	3
4527	6
4528	8
4529	10
4530	9
4531	7
4532	16
4533	0
4534	2
4535	11
4536	4
4537	10
4538	3
4539	0
4540	6
4541	2
4542	7
4543	3
4544	5
4545	5
4546	6
4547	12
4548	15
4549	6
4550	4
4551	8
4552	9
4553	11
4554	9
4555	3
4556	12
4557	3
4558	35
4559	14
4560	4
4561	14
4562	6
4563	4
4564	5
4565	0
4566	4
4567	5
4568	4
4569	8
4570	1
4571	8
4572	1
4573	1
4574	5
4575	2
4576	12
4577	4
4578	12
4579	5
4580	2
4581	3
4582	2
4583	3
4584	2
4585	6
4586	4
4587	8
4588	2
4589	3
4590	2
4591	3
4592	3
4593	2
4594	5
4595	15
4596	1
4597	18
4598	2
4599	7
4600	7
4601	6
4602	1
4603	2
4604	2
4605	2
4606	6
4607	2
4608	1
4609	2
4610	11
4611	10
4612	16
4613	4
4614	4
4615	1
4616	1
4617	10
4618	8
4619	1
4620	2
4621	6
4622	5
4623	8
4624	5
4625	14
4626	7
4627	11
4628	2
4629	5
4630	7
4631	1
4632	16
4633	10
4634	12
4635	9
4636	4
4637	3
4638	9
4639	7
4640	8
4641	1
4642	8
4643	7
4644	14
4645	9
4646	2
4647	5
4648	12
4649	1
4650	1
4651	1
4652	5
4653	1
4654	3
4655	2
4656	9
4657	9
4658	7
4659	14
4660	7
4661	4
4662	4
4663	2
4664	6
4665	2
4666	1
4667	1
4668	9
4669	3
4670	3
4671	21
4672	8
4673	5
4674	20
4675	4
4676	0
4677	8
4678	4
4679	7
4680	1
4681	0
4682	5
4683	10
4684	3
4685	4
4686	8
4687	2
4688	6
4689	19
4690	0
4691	8
4692	1
4693	13
4694	3
4695	6
4696	1
4697	24
4698	4
4699	9
4700	5
4701	9
4702	4
4703	4
4704	10
4705	10
4706	2
4707	7
4708	4
4709	3
4710	1
4711	0
4712	5
4713	0
4714	8
4715	10
4716	3
4717	4
4718	6
4719	5
4720	2
4721	2
4722	5
4723	2
4724	6
4725	7
4726	9
4727	1
4728	2
4729	6
4730	4
4731	3
4732	1
4733	5
4734	10
4735	2
4736	2
4737	9
4738	22
4739	10
4740	7
4741	6
4742	1
4743	2
4744	8
4745	6
4746	10
4747	8
4748	3
4749	3
4750	19
4751	14
4752	5
4753	2
4754	9
4755	2
4756	21
4757	8
4758	20
4759	2
4760	8
4761	2
4762	8
4763	9
4764	1
4765	5
4766	2
4767	2
4768	5
4769	7
4770	2
4771	3
4772	5
4773	4
4774	5
4775	2
4776	5
4777	3
4778	2
4779	2
4780	1
4781	7
4782	4
4783	9
4784	3
4785	4
4786	3
4787	2
4788	3
4789	1
4790	0
4791	6
4792	1
4793	9
4794	10
4795	8
4796	6
4797	3
4798	2
4799	6
4800	7
4801	6
4802	1
4803	0
4804	2
4805	4
4806	2
4807	10
4808	3
4809	3
4810	3
4811	5
4812	1
4813	6
4814	5
4815	10
4816	3
4817	2
4818	2
4819	2
4820	1
4821	6
4822	3
4823	6
4824	2
4825	4
4826	2
4827	6
4828	2
4829	5
4830	2
4831	8
4832	9
4833	5
4834	3
4835	8
4836	2
4837	10
4838	8
4839	7
4840	33
4841	5
4842	4
4843	7
4844	0
4845	3
4846	1
4847	9
4848	1
4849	1
4850	3
4851	2
4852	6
4853	5
4854	12
4855	15
4856	0
4857	4
4858	7
4859	5
4860	10
4861	3
4862	3
4863	6
4864	4
4865	11
4866	6
4867	6
4868	5
4869	2
4870	4
4871	8
4872	6
4873	7
4874	9
4875	1
4876	2
4877	7
4878	6
4879	11
4880	3
4881	3
4882	13
4883	3
4884	2
4885	18
4886	5
4887	5
4888	2
4889	5
4890	6
4891	14
4892	4
4893	13
4894	8
4895	4
4896	6
4897	8
4898	5
4899	3
4900	5
4901	2
4902	2
4903	3
4904	4
4905	3
4906	11
4907	7
4908	5
4909	2
4910	3
4911	2
4912	8
4913	3
4914	11
4915	4
4916	9
4917	3
4918	6
4919	10
4920	3
4921	8
4922	4
4923	10
4924	3
4925	7
4926	2
4927	6
4928	1
4929	3
4930	6
4931	11
4932	7
4933	9
4934	7
4935	2
4936	6
4937	10
4938	2
4939	1
4940	3
4941	3
4942	20
4943	1
4944	5
4945	3
4946	6
4947	9
4948	2
4949	11
4950	6
4951	1
4952	6
4953	12
4954	2
4955	6
4956	11
4957	3
4958	6
4959	8
4960	5
4961	0
4962	12
4963	14
4964	4
4965	5
4966	4
4967	10
4968	12
4969	8
4970	8
4971	1
4972	10
4973	4
4974	4
4975	3
4976	5
4977	7
4978	7
4979	13
4980	11
4981	7
4982	5
4983	23
4984	5
4985	0
4986	4
4987	11
4988	7
4989	5
4990	7
4991	6
4992	0
4993	7
4994	4
4995	6
4996	9
4997	0
4998	13
4999	7
5000	3
5001	8
5002	4
5003	2
5004	6
5005	12
5006	13
5007	4
5008	1
5009	15
5010	0
5011	4
5012	3
5013	2
5014	2
5015	7
5016	5
5017	9
5018	10
5019	7
5020	5
5021	13
5022	11
5023	0
5024	3
5025	4
5026	8
5027	5
5028	0
5029	2
5030	3
5031	2
5032	7
5033	6
5034	7
5035	20
5036	6
5037	2
5038	0
5039	10
5040	4
5041	4
5042	0
5043	2
5044	6
5045	1
5046	1
5047	9
5048	5
5049	13
5050	5
5051	7
5052	3
5053	8
5054	2
5055	8
5056	3
5057	5
5058	10
5059	4
5060	9
5061	11
5062	10
5063	10
5064	6
5065	3
5066	5
5067	4
5068	0
5069	3
5070	1
5071	14
5072	1
5073	10
5074	1
5075	2
5076	11
5077	3
5078	8
5079	6
5080	2
5081	11
5082	6
5083	9
5084	5
5085	3
5086	2
5087	9
5088	8
5089	14
5090	9
5091	12
5092	3
5093	3
5094	5
5095	2
5096	12
5097	3
5098	10
5099	5
5100	7
5101	15
5102	4
5103	3
5104	5
5105	4
5106	3
5107	3
5108	19
5109	11
5110	1
5111	10
5112	16
5113	5
5114	17
5115	16
5116	5
5117	0
5118	3
5119	9
5120	8
5121	3
5122	6
5123	2
5124	3
5125	10
5126	0
5127	13
5128	2
5129	9
5130	7
5131	5
5132	6
5133	9
5134	13
5135	6
5136	5
5137	2
5138	14
5139	10
5140	10
5141	1
5142	4
5143	4
5144	2
5145	2
5146	14
5147	0
5148	1
5149	5
5150	3
5151	4
5152	4
5153	10
5154	9
5155	5
5156	10
5157	9
5158	9
5159	5
5160	0
5161	10
5162	1
5163	5
5164	2
5165	12
5166	7
5167	1
5168	7
5169	1
5170	4
5171	12
5172	7
5173	1
5174	1
5175	15
5176	5
5177	5
5178	4
5179	3
5180	11
5181	2
5182	5
5183	4
5184	13
5185	19
5186	1
5187	12
5188	10
5189	27
5190	0
5191	15
5192	1
5193	15
5194	10
5195	10
5196	0
5197	9
5198	11
5199	7
5200	3
5201	3
5202	10
5203	14
5204	6
5205	1
5206	3
5207	4
5208	3
5209	14
5210	1
5211	1
5212	19
5213	11
5214	1
5215	4
5216	6
5217	8
5218	3
5219	9
5220	12
5221	1
5222	6
5223	4
5224	1
5225	15
5226	6
5227	8
5228	5
5229	1
5230	8
5231	4
5232	5
5233	0
5234	10
5235	5
5236	2
5237	12
5238	0
5239	8
5240	9
5241	2
5242	8
5243	7
5244	3
5245	1
5246	2
5247	1
5248	3
5249	5
5250	5
5251	5
5252	3
5253	3
5254	18
5255	3
5256	2
5257	2
5258	5
5259	2
5260	8
5261	4
5262	15
5263	6
5264	15
5265	8
5266	6
5267	10
5268	3
5269	2
5270	0
5271	9
5272	5
5273	8
5274	2
5275	1
5276	5
5277	4
5278	9
5279	6
5280	12
5281	15
5282	6
5283	9
5284	3
5285	9
5286	2
5287	8
5288	16
5289	0
5290	10
5291	3
5292	4
5293	12
5294	17
5295	5
5296	9
5297	2
5298	3
5299	19
5300	5
5301	2
5302	12
5303	12
5304	1
5305	9
5306	18
5307	12
5308	6
5309	6
5310	4
5311	2
5312	2
5313	4
5314	10
5315	14
5316	12
5317	21
5318	5
5319	2
5320	3
5321	10
5322	1
5323	3
5324	8
5325	11
5326	3
5327	5
5328	5
5329	5
5330	5
5331	1
5332	9
5333	23
5334	3
5335	18
5336	15
5337	10
5338	8
5339	3
5340	4
5341	1
5342	5
5343	1
5344	4
5345	6
5346	2
5347	9
5348	9
5349	1
5350	4
5351	11
5352	14
5353	9
5354	6
5355	9
5356	4
5357	9
5358	6
5359	6
5360	3
5361	4
5362	4
5363	8
5364	14
5365	14
5366	4
5367	11
5368	7
5369	7
5370	9
5371	3
5372	9
5373	5
5374	6
5375	1
5376	6
5377	0
5378	16
5379	3
5380	4
5381	7
5382	14
5383	1
5384	4
5385	7
5386	4
5387	8
5388	3
5389	11
5390	5
5391	4
5392	3
5393	6
5394	3
5395	10
5396	15
5397	8
5398	2
5399	1
5400	17
5401	5
5402	9
5403	5
5404	4
5405	15
5406	0
5407	6
5408	12
5409	16
5410	1
5411	20
5412	9
5413	7
5414	2
5415	7
5416	13
5417	2
5418	10
5419	6
5420	4
5421	3
5422	8
5423	16
5424	1
5425	10
5426	12
5427	0
5428	15
5429	3
5430	7
5431	12
5432	3
5433	19
5434	1
5435	6
5436	4
5437	8
5438	6
5439	11
5440	4
5441	1
5442	3
5443	9
5444	15
5445	19
5446	7
5447	3
5448	7
5449	12
5450	7
5451	4
5452	14
5453	5
5454	17
5455	3
5456	7
5457	2
5458	1
5459	18
5460	10
5461	2
5462	7
5463	8
5464	12
5465	2
5466	1
5467	5
5468	2
5469	13
5470	12
5471	10
5472	4
5473	2
5474	10
5475	20
5476	7
5477	13
5478	9
5479	3
5480	2
5481	1
5482	19
5483	11
5484	23
5485	3
5486	4
5487	3
5488	1
5489	2
5490	2
5491	8
5492	5
5493	3
5494	3
5495	21
5496	0
5497	3
5498	1
5499	12
5500	2
5501	7
5502	22
5503	10
5504	8
5505	2
5506	2
5507	4
5508	5
5509	2
5510	4
5511	1
5512	5
5513	2
5514	13
5515	11
5516	1
5517	7
5518	11
5519	12
5520	7
5521	2
5522	11
5523	7
5524	17
5525	5
5526	13
5527	14
5528	3
5529	2
5530	1
5531	5
5532	2
5533	7
5534	4
5535	2
5536	9
5537	1
5538	3
5539	1
5540	3
5541	3
5542	3
5543	4
5544	5
5545	6
5546	2
5547	15
5548	9
5549	6
5550	1
5551	13
5552	3
5553	1
5554	2
5555	4
5556	18
5557	5
5558	4
5559	3
5560	9
5561	3
5562	9
5563	2
5564	14
5565	20
5566	5
5567	11
5568	7
5569	10
5570	3
5571	21
5572	3
5573	4
5574	2
5575	2
5576	12
5577	9
5578	7
5579	9
5580	5
5581	3
5582	2
5583	8
5584	1
5585	1
5586	8
5587	8
5588	13
5589	9
5590	6
5591	4
5592	6
5593	8
5594	2
5595	7
5596	0
5597	1
5598	7
5599	8
5600	12
5601	7
5602	14
5603	8
5604	3
5605	5
5606	14
5607	4
5608	3
5609	10
5610	10
5611	5
5612	8
5613	3
5614	7
5615	7
5616	7
5617	2
5618	5
5619	7
5620	0
5621	7
5622	0
5623	6
5624	3
5625	7
5626	7
5627	16
5628	3
5629	4
5630	1
5631	6
5632	3
5633	5
5634	4
5635	10
5636	2
5637	9
5638	11
5639	14
5640	3
5641	2
5642	13
5643	6
5644	9
5645	7
5646	3
5647	7
5648	4
5649	4
5650	7
5651	16
5652	5
5653	12
5654	2
5655	14
5656	3
5657	9
5658	3
5659	3
5660	2
5661	9
5662	0
5663	0
5664	4
5665	10
5666	1
5667	2
5668	9
5669	1
5670	10
5671	11
5672	3
5673	4
5674	13
5675	22
5676	11
5677	9
5678	0
5679	8
5680	3
5681	5
5682	5
5683	1
5684	4
5685	8
5686	9
5687	6
5688	1
5689	22
5690	8
5691	3
5692	5
5693	3
5694	12
5695	3
5696	8
5697	6
5698	2
5699	6
5700	6
5701	0
5702	7
5703	2
5704	8
5705	3
5706	1
5707	15
5708	4
5709	4
5710	7
5711	1
5712	5
5713	4
5714	13
5715	3
5716	4
5717	2
5718	15
5719	3
5720	21
5721	3
5722	7
5723	10
5724	1
5725	4
5726	2
5727	7
5728	10
5729	4
5730	1
5731	7
5732	4
5733	3
5734	12
5735	6
5736	3
5737	8
5738	2
5739	5
5740	5
5741	6
5742	41
5743	12
5744	5
5745	1
5746	2
5747	4
5748	3
5749	8
5750	6
5751	1
5752	2
5753	1
5754	8
5755	17
5756	4
5757	10
5758	4
5759	5
5760	2
5761	2
5762	4
5763	2
5764	1
5765	4
5766	1
5767	0
5768	1
5769	17
5770	5
5771	6
5772	2
5773	8
5774	12
5775	14
5776	14
5777	5
5778	4
5779	5
5780	8
5781	3
5782	2
5783	12
5784	3
5785	3
5786	3
5787	1
5788	4
5789	17
5790	14
5791	5
5792	1
5793	12
5794	7
5795	4
5796	10
5797	6
5798	9
5799	16
5800	6
5801	16
5802	18
5803	3
5804	1
5805	11
5806	7
5807	1
5808	7
5809	3
5810	10
5811	8
5812	3
5813	4
5814	2
5815	4
5816	1
5817	4
5818	3
5819	5
5820	6
5821	0
5822	7
5823	4
5824	12
5825	6
5826	5
5827	2
5828	8
5829	13
5830	0
5831	9
5832	4
5833	2
5834	6
5835	7
5836	5
5837	17
5838	4
5839	12
5840	3
5841	7
5842	6
5843	2
5844	4
5845	3
5846	2
5847	3
5848	5
5849	5
5850	11
5851	1
5852	2
5853	2
5854	9
5855	2
5856	1
5857	8
5858	17
5859	2
5860	7
5861	7
5862	2
5863	11
5864	1
5865	9
5866	3
5867	6
5868	1
5869	5
5870	7
5871	7
5872	19
5873	2
5874	9
5875	10
5876	6
5877	10
5878	11
5879	5
5880	5
5881	16
5882	6
5883	5
5884	6
5885	8
5886	3
5887	1
5888	5
5889	6
5890	20
5891	15
5892	6
5893	12
5894	24
5895	6
5896	14
5897	3
5898	5
5899	11
5900	13
5901	2
5902	5
5903	11
5904	7
5905	11
5906	1
5907	4
5908	4
5909	4
5910	5
5911	1
5912	3
5913	28
5914	4
5915	3
5916	4
5917	10
5918	4
5919	19
5920	2
5921	2
5922	4
5923	11
5924	7
5925	2
5926	8
5927	2
5928	6
5929	1
5930	12
5931	8
5932	7
5933	11
5934	3
5935	1
5936	6
5937	3
5938	12
5939	20
5940	3
5941	7
5942	4
5943	7
5944	2
5945	12
5946	26
5947	9
5948	6
5949	2
5950	7
5951	13
5952	6
5953	2
5954	2
5955	5
5956	19
5957	7
5958	8
5959	4
5960	13
5961	9
5962	11
5963	2
5964	19
5965	18
5966	3
5967	7
5968	9
5969	19
5970	6
5971	2
5972	6
5973	2
5974	10
5975	12
5976	10
5977	6
5978	4
5979	4
5980	7
5981	4
5982	3
5983	2
5984	2
5985	3
5986	2
5987	1
5988	1
5989	5
5990	1
5991	9
5992	4
5993	1
5994	6
5995	11
5996	2
5997	7
5998	8
5999	3
6000	4
6001	6
6002	23
6003	13
6004	8
6005	8
6006	23
6007	16
6008	7
6009	8
6010	5
6011	3
6012	8
6013	7
6014	1
6015	2
6016	5
6017	9
6018	11
6019	12
6020	6
6021	3
6022	10
6023	3
6024	14
6025	6
6026	5
6027	15
6028	2
6029	1
6030	3
6031	4
6032	16
6033	10
6034	6
6035	15
6036	11
6037	13
6038	8
6039	1
6040	2
6041	5
6042	6
6043	4
6044	4
6045	2
6046	3
6047	6
6048	9
6049	2
6050	12
6051	5
6052	7
6053	4
6054	8
6055	0
6056	2
6057	1
6058	13
6059	6
6060	5
6061	17
6062	8
6063	6
6064	1
6065	6
6066	11
6067	0
6068	2
6069	4
6070	6
6071	15
6072	23
6073	5
6074	1
6075	3
6076	1
6077	5
6078	11
6079	3
6080	8
6081	1
6082	5
6083	4
6084	6
6085	2
6086	16
6087	5
6088	5
6089	6
6090	0
6091	8
6092	8
6093	11
6094	4
6095	8
6096	9
6097	7
6098	8
6099	7
6100	12
6101	3
6102	9
6103	0
6104	6
6105	5
6106	2
6107	4
6108	3
6109	5
6110	12
6111	8
6112	9
6113	3
6114	0
6115	4
6116	3
6117	5
6118	10
6119	8
6120	13
6121	1
6122	6
6123	12
6124	6
6125	7
6126	4
6127	12
6128	2
6129	14
6130	15
6131	11
6132	16
6133	1
6134	7
6135	8
6136	12
6137	2
6138	5
6139	10
6140	8
6141	29
6142	9
6143	13
6144	11
6145	13
6146	5
6147	16
6148	1
6149	7
6150	3
6151	5
6152	4
6153	7
6154	22
6155	12
6156	3
6157	3
6158	3
6159	3
6160	10
6161	11
6162	4
6163	11
6164	8
6165	6
6166	1
6167	23
6168	8
6169	8
6170	9
6171	14
6172	8
6173	11
6174	6
6175	13
6176	9
6177	5
6178	10
6179	9
6180	7
6181	17
6182	18
6183	2
6184	6
6185	3
6186	1
6187	9
6188	6
6189	7
6190	7
6191	3
6192	6
6193	1
6194	5
6195	4
6196	9
6197	10
6198	2
6199	1
6200	1
6201	6
6202	3
6203	22
6204	11
6205	14
6206	2
6207	0
6208	3
6209	13
6210	2
6211	6
6212	4
6213	4
6214	27
6215	4
6216	4
6217	3
6218	11
6219	18
6220	1
6221	9
6222	4
6223	4
6224	21
6225	5
6226	5
6227	7
6228	4
6229	5
6230	10
6231	0
6232	13
6233	1
6234	5
6235	9
6236	2
6237	10
6238	1
6239	5
6240	9
6241	4
6242	7
6243	5
6244	1
6245	4
6246	9
6247	3
6248	9
6249	7
6250	3
6251	15
6252	3
6253	4
6254	0
6255	16
6256	2
6257	3
6258	1
6259	12
6260	4
6261	2
6262	5
6263	3
6264	3
6265	4
6266	9
6267	8
6268	2
6269	4
6270	12
6271	14
6272	2
6273	10
6274	0
6275	12
6276	2
6277	6
6278	1
6279	4
6280	18
6281	18
6282	8
6283	3
6284	3
6285	15
6286	7
6287	2
6288	1
6289	3
6290	6
6291	15
6292	7
6293	4
6294	6
6295	13
6296	3
6297	5
6298	3
6299	17
6300	3
6301	15
6302	5
6303	5
6304	12
6305	14
6306	20
6307	4
6308	11
6309	0
6310	2
6311	0
6312	8
6313	33
6314	1
6315	9
6316	7
6317	3
6318	6
6319	3
6320	18
6321	16
6322	6
6323	7
6324	20
6325	12
6326	3
6327	4
6328	0
6329	3
6330	7
6331	5
6332	2
6333	17
6334	0
6335	4
6336	1
6337	9
6338	7
6339	1
6340	10
6341	11
6342	2
6343	6
6344	4
6345	0
6346	9
6347	1
6348	9
6349	3
6350	10
6351	5
6352	5
6353	4
6354	10
6355	3
6356	2
6357	7
6358	6
6359	10
6360	7
6361	4
6362	6
6363	7
6364	5
6365	3
6366	16
6367	1
6368	4
6369	1
6370	6
6371	3
6372	10
6373	0
6374	9
6375	5
6376	2
6377	6
6378	0
6379	7
6380	1
6381	2
6382	1
6383	11
6384	27
6385	2
6386	4
6387	2
6388	6
6389	7
6390	3
6391	2
6392	11
6393	2
6394	5
6395	7
6396	3
6397	5
6398	9
6399	7
6400	9
6401	4
6402	4
6403	2
6404	3
6405	5
6406	11
6407	6
6408	2
6409	1
6410	2
6411	9
6412	1
6413	2
6414	6
6415	10
6416	2
6417	0
6418	2
6419	6
6420	6
6421	7
6422	11
6423	1
6424	2
6425	16
6426	6
6427	1
6428	2
6429	12
6430	20
6431	2
6432	10
6433	6
6434	9
6435	6
6436	2
6437	9
6438	14
6439	7
6440	2
6441	6
6442	13
6443	5
6444	11
6445	4
6446	3
6447	2
6448	5
6449	5
6450	7
6451	15
6452	1
6453	16
6454	32
6455	10
6456	8
6457	6
6458	1
6459	3
6460	3
6461	12
6462	3
6463	3
6464	10
6465	4
6466	3
6467	2
6468	6
6469	4
6470	4
6471	3
6472	3
6473	16
6474	1
6475	2
6476	4
6477	7
6478	0
6479	0
6480	11
6481	16
6482	3
6483	7
6484	10
6485	3
6486	11
6487	9
6488	4
6489	9
6490	4
6491	4
6492	23
6493	2
6494	10
6495	13
6496	8
6497	0
6498	7
6499	7
6500	3
6501	8
6502	0
6503	2
6504	3
6505	0
6506	7
6507	8
6508	3
6509	4
6510	6
6511	5
6512	6
6513	6
6514	10
6515	2
6516	4
6517	9
6518	3
6519	5
6520	3
6521	5
6522	2
6523	2
6524	2
6525	4
6526	5
6527	5
6528	0
6529	3
6530	9
6531	14
6532	11
6533	4
6534	2
6535	12
6536	2
6537	7
6538	6
6539	8
6540	5
6541	3
6542	3
6543	7
6544	5
6545	7
6546	2
6547	14
6548	9
6549	4
6550	2
6551	23
6552	2
6553	4
6554	8
6555	13
6556	6
6557	3
6558	4
6559	5
6560	3
6561	3
6562	4
6563	11
6564	11
6565	2
6566	7
6567	5
6568	4
6569	4
6570	6
6571	4
6572	4
6573	13
6574	5
6575	2
6576	6
6577	4
6578	10
6579	3
6580	3
6581	23
6582	4
6583	7
6584	17
6585	14
6586	11
6587	3
6588	16
6589	4
6590	7
6591	2
6592	5
6593	13
6594	5
6595	9
6596	1
6597	6
6598	12
6599	5
6600	8
6601	10
6602	5
6603	8
6604	7
6605	3
6606	2
6607	1
6608	6
6609	6
6610	6
6611	8
6612	11
6613	3
6614	5
6615	1
6616	6
6617	0
6618	8
6619	7
6620	4
6621	21
6622	17
6623	6
6624	2
6625	7
6626	5
6627	3
6628	8
6629	21
6630	4
6631	2
6632	5
6633	4
6634	19
6635	4
6636	7
6637	6
6638	7
6639	14
6640	4
6641	13
6642	0
6643	5
6644	10
6645	7
6646	5
6647	3
6648	3
6649	3
6650	12
6651	12
6652	9
6653	7
6654	2
6655	12
6656	1
6657	13
6658	7
6659	7
6660	10
6661	4
6662	2
6663	7
6664	15
6665	13
6666	3
6667	2
6668	0
6669	2
6670	7
6671	1
6672	0
6673	5
6674	5
6675	6
6676	1
6677	0
6678	7
6679	2
6680	3
6681	7
6682	2
6683	12
6684	3
6685	9
6686	5
6687	15
6688	6
6689	1
6690	5
6691	8
6692	3
6693	3
6694	3
6695	8
6696	7
6697	6
6698	3
6699	5
6700	4
6701	10
6702	1
6703	4
6704	8
6705	6
6706	6
6707	5
6708	11
6709	3
6710	4
6711	11
6712	1
6713	4
6714	3
6715	7
6716	11
6717	4
6718	1
6719	5
6720	2
6721	6
6722	6
6723	3
6724	3
6725	9
6726	3
6727	9
6728	1
6729	7
6730	4
6731	9
6732	8
6733	1
6734	8
6735	2
6736	9
6737	3
6738	4
6739	7
6740	7
6741	20
6742	4
6743	2
6744	4
6745	3
6746	3
6747	3
6748	8
6749	11
6750	7
6751	2
6752	4
6753	14
6754	0
6755	15
6756	1
6757	7
6758	7
6759	2
6760	13
6761	4
6762	3
6763	8
6764	7
6765	11
6766	9
6767	5
6768	5
6769	4
6770	15
6771	2
6772	8
6773	4
6774	1
6775	8
6776	3
6777	0
6778	7
6779	5
6780	3
6781	0
6782	3
6783	9
6784	2
6785	6
6786	7
6787	8
6788	1
6789	1
6790	2
6791	4
6792	3
6793	5
6794	3
6795	10
6796	4
6797	2
6798	13
6799	6
6800	6
6801	10
6802	5
6803	7
6804	10
6805	2
6806	3
6807	15
6808	1
6809	4
6810	3
6811	7
6812	4
6813	7
6814	2
6815	15
6816	4
6817	2
6818	13
6819	2
6820	6
6821	1
6822	2
6823	4
6824	1
6825	5
6826	4
6827	3
6828	1
6829	2
6830	6
6831	1
6832	1
6833	5
6834	5
6835	1
6836	3
6837	9
6838	6
6839	10
6840	7
6841	7
6842	4
6843	6
6844	14
6845	0
6846	2
6847	1
6848	2
6849	2
6850	2
6851	6
6852	5
6853	8
6854	2
6855	3
6856	18
6857	6
6858	7
6859	2
6860	1
6861	2
6862	7
6863	8
6864	3
6865	9
6866	0
6867	10
6868	7
6869	18
6870	1
6871	14
6872	7
6873	8
6874	5
6875	2
6876	22
6877	5
6878	12
6879	2
6880	4
6881	4
6882	11
6883	3
6884	6
6885	14
6886	4
6887	6
6888	9
6889	6
6890	30
6891	5
6892	2
6893	11
6894	7
6895	15
6896	12
6897	1
6898	7
6899	1
6900	19
6901	3
6902	5
6903	2
6904	2
6905	2
6906	7
6907	6
6908	9
6909	14
6910	26
6911	3
6912	3
6913	11
6914	6
6915	15
6916	13
6917	6
6918	3
6919	3
6920	1
6921	6
6922	1
6923	5
6924	6
6925	3
6926	13
6927	10
6928	4
6929	7
6930	6
6931	6
6932	9
6933	8
6934	1
6935	4
6936	8
6937	8
6938	2
6939	6
6940	11
6941	3
6942	4
6943	5
6944	7
6945	25
6946	1
6947	0
6948	3
6949	8
6950	13
6951	7
6952	3
6953	0
6954	10
6955	1
6956	14
6957	2
6958	15
6959	1
6960	5
6961	16
6962	11
6963	15
6964	9
6965	5
6966	1
6967	10
6968	12
6969	16
6970	1
6971	3
6972	10
6973	9
6974	4
6975	5
6976	3
6977	1
6978	13
6979	5
6980	6
6981	13
6982	13
6983	2
6984	7
6985	6
6986	2
6987	26
6988	7
6989	6
6990	4
6991	0
6992	3
6993	5
6994	3
6995	10
6996	8
6997	4
6998	12
6999	10
7000	10
7001	6
7002	6
7003	9
7004	1
7005	5
7006	5
7007	4
7008	4
7009	4
7010	14
7011	7
7012	1
7013	17
7014	5
7015	6
7016	4
7017	16
7018	17
7019	7
7020	4
7021	6
7022	2
7023	5
7024	10
7025	14
7026	8
7027	21
7028	8
7029	6
7030	10
7031	3
7032	5
7033	1
7034	4
7035	5
7036	7
7037	0
7038	7
7039	3
7040	13
7041	0
7042	2
7043	2
7044	17
7045	4
7046	9
7047	7
7048	1
7049	6
7050	8
7051	9
7052	5
7053	6
7054	5
7055	8
7056	3
7057	6
7058	21
7059	4
7060	7
7061	1
7062	1
7063	9
7064	16
7065	24
7066	9
7067	8
7068	6
7069	4
7070	2
7071	8
7072	8
7073	8
7074	3
7075	11
7076	14
7077	9
7078	3
7079	4
7080	6
7081	10
7082	4
7083	13
7084	12
7085	7
7086	4
7087	10
7088	5
7089	4
7090	1
7091	7
7092	0
7093	3
7094	9
7095	10
7096	2
7097	2
7098	4
7099	12
7100	6
7101	7
7102	9
7103	0
7104	7
7105	6
7106	2
7107	4
7108	11
7109	20
7110	2
7111	9
7112	1
7113	4
7114	15
7115	12
7116	7
7117	1
7118	1
7119	3
7120	5
7121	10
7122	6
7123	14
7124	3
7125	6
7126	9
7127	1
7128	9
7129	5
7130	6
7131	7
7132	5
7133	8
7134	14
7135	2
7136	7
7137	1
7138	2
7139	8
7140	1
7141	5
7142	2
7143	0
7144	2
7145	1
7146	4
7147	4
7148	7
7149	12
7150	2
7151	2
7152	8
7153	9
7154	7
7155	4
7156	4
7157	11
7158	8
7159	11
7160	6
7161	2
7162	0
7163	5
7164	8
7165	10
7166	22
7167	2
7168	3
7169	10
7170	9
7171	10
7172	32
7173	7
7174	2
7175	5
7176	8
7177	15
7178	12
7179	3
7180	10
7181	5
7182	3
7183	10
7184	11
7185	10
7186	8
7187	12
7188	3
7189	2
7190	8
7191	3
7192	3
7193	2
7194	13
7195	17
7196	9
7197	10
7198	14
7199	9
7200	10
7201	2
7202	8
7203	3
7204	3
7205	6
7206	4
7207	12
7208	7
7209	5
7210	3
7211	6
7212	5
7213	4
7214	6
7215	8
7216	3
7217	17
7218	2
7219	6
7220	8
7221	8
7222	7
7223	10
7224	6
7225	8
7226	6
7227	3
7228	6
7229	4
7230	2
7231	2
7232	7
7233	2
7234	8
7235	2
7236	7
7237	0
7238	6
7239	6
7240	4
7241	2
7242	17
7243	1
7244	2
7245	6
7246	10
7247	2
7248	5
7249	10
7250	4
7251	4
7252	9
7253	15
7254	4
7255	6
7256	7
7257	2
7258	3
7259	5
7260	6
7261	1
7262	10
7263	8
7264	6
7265	3
7266	4
7267	2
7268	3
7269	2
7270	2
7271	9
7272	9
7273	19
7274	5
7275	1
7276	11
7277	5
7278	5
7279	4
7280	7
7281	3
7282	11
7283	10
7284	3
7285	1
7286	7
7287	2
7288	1
7289	1
7290	5
7291	0
7292	4
7293	3
7294	3
7295	1
7296	4
7297	8
7298	5
7299	13
7300	1
7301	6
7302	7
7303	11
7304	19
7305	7
7306	6
7307	6
7308	4
7309	0
7310	5
7311	8
7312	0
7313	2
7314	7
7315	1
7316	0
7317	6
7318	1
7319	14
7320	2
7321	4
7322	6
7323	2
7324	9
7325	8
7326	4
7327	6
7328	9
7329	7
7330	3
7331	0
7332	2
7333	4
7334	1
7335	7
7336	0
7337	1
7338	1
7339	1
7340	6
7341	5
7342	5
7343	8
7344	5
7345	1
7346	12
7347	0
7348	7
7349	0
7350	3
7351	3
7352	4
7353	2
7354	10
7355	6
7356	2
7357	0
7358	9
7359	3
7360	6
7361	4
7362	1
7363	5
7364	1
7365	7
7366	7
7367	6
7368	3
7369	2
7370	7
7371	0
7372	7
7373	10
7374	2
7375	5
7376	2
7377	4
7378	2
7379	4
7380	2
7381	0
7382	6
7383	1
7384	3
7385	1
7386	10
7387	0
7388	7
7389	8
7390	6
7391	3
7392	3
7393	3
7394	8
7395	11
7396	6
7397	9
7398	2
7399	2
7400	7
7401	1
7402	7
7403	1
7404	3
7405	5
7406	7
7407	1
7408	1
7409	5
7410	2
7411	8
7412	1
7413	4
7414	12
7415	6
7416	4
7417	5
7418	4
7419	1
7420	0
7421	8
7422	3
7423	0
7424	9
7425	0
7426	3
7427	7
7428	2
7429	24
7430	3
7431	5
7432	15
7433	1
7434	5
7435	4
7436	0
7437	2
7438	11
7439	7
7440	21
7441	2
7442	4
7443	2
7444	1
7445	2
7446	3
7447	12
7448	14
7449	8
7450	3
7451	3
7452	2
7453	0
7454	2
7455	10
7456	2
7457	5
7458	0
7459	5
7460	6
7461	5
7462	5
7463	2
7464	0
7465	5
7466	2
7467	2
7468	5
7469	3
7470	13
7471	9
7472	6
7473	2
7474	6
7475	2
7476	1
7477	3
7478	4
7479	4
7480	2
7481	24
7482	5
7483	1
7484	2
7485	8
7486	1
7487	2
7488	3
7489	3
7490	1
7491	1
7492	4
7493	1
7494	9
7495	4
7496	5
7497	4
7498	4
7499	2
7500	6
7501	0
7502	3
7503	1
7504	11
7505	7
7506	3
7507	2
7508	3
7509	4
7510	4
7511	4
7512	3
7513	4
7514	8
7515	0
7516	5
7517	5
7518	6
7519	16
7520	3
7521	5
7522	4
7523	6
7524	1
7525	6
7526	2
7527	19
7528	6
7529	7
7530	20
7531	16
7532	4
7533	2
7534	10
7535	6
7536	6
7537	3
7538	19
7539	1
7540	2
7541	8
7542	0
7543	8
7544	2
7545	3
7546	1
7547	0
7548	12
7549	0
7550	5
7551	15
7552	2
7553	15
7554	8
7555	1
7556	1
7557	9
7558	1
7559	1
7560	4
7561	4
7562	1
7563	3
7564	4
7565	4
7566	4
7567	5
7568	8
7569	1
7570	1
7571	17
7572	9
7573	2
7574	13
7575	5
7576	0
7577	4
7578	4
7579	4
7580	6
